0.001181 1.365232
0.002362 1.359216
0.0035430002 1.3525467
0.004724 1.3452327
0.005905 1.3372822
0.007086 1.328704
0.008267 1.3195075
0.009448 1.3097022
0.010629 1.2992976
0.01181 1.2883044
0.012991 1.2767327
0.014172 1.2645938
0.015353 1.2518985
0.016534 1.2386587
0.017715001 1.2248858
0.018896002 1.2105922
0.020077003 1.19579
0.021258004 1.1804918
0.022439005 1.1647106
0.023620006 1.1484594
0.024801007 1.1317515
0.025982007 1.1146005
0.027163008 1.0970204
0.02834401 1.0790248
0.02952501 1.0606282
0.03070601 1.0418446
0.03188701 1.0226886
0.03306801 1.0031754
0.034249008 0.98331916
0.035430007 0.9631352
0.036611006 0.9426386
0.037792005 0.9218446
0.038973004 0.90076846
0.040154003 0.87942576
0.041335 0.85783195
0.042516 0.83600265
0.043697 0.8139536
0.044878 0.7917005
0.046058998 0.769259
0.047239996 0.74664503
0.048420995 0.72387445
0.049601994 0.700963
0.050782993 0.67792654
0.051963992 0.6547811
0.05314499 0.63154227
0.05432599 0.608226
0.05550699 0.584848
0.05668799 0.5614239
0.057868987 0.53796947
0.059049986 0.5145002
0.060230985 0.49103177
0.061411984 0.46757936
0.06259298 0.4441584
0.06377398 0.42078415
0.06495498 0.39747164
0.06613598 0.3742358
0.06731698 0.3510915
0.06849798 0.3280535
0.06967898 0.30513626
0.070859976 0.2823542
0.072040975 0.25972152
0.073221974 0.2372522
0.07440297 0.21496013
0.07558397 0.19285895
0.07676497 0.17096208
0.07794597 0.14928278
0.07912697 0.12783404
0.08030797 0.10662866
0.08148897 0.08567922
0.082669966 0.064997986
0.083850965 0.04459709
0.085031964 0.024488322
0.08621296 0.004683245
0.08739396 -0.014806837
0.08857496 -0.0339709
0.08975596 -0.052798197
0.09093696 -0.07127826
0.09211796 -0.0894009
0.09329896 -0.10715624
0.094479956 -0.12453468
0.095660955 -0.14152694
0.09684195 -0.15812403
0.09802295 -0.17431729
0.09920395 -0.19009833
0.10038495 -0.20545915
0.10156595 -0.22039199
0.10274695 -0.2348895
0.10392795 -0.24894461
0.10510895 -0.26255056
0.106289946 -0.27570096
0.107470945 -0.28838974
0.10865194 -0.3006112
0.10983294 -0.31235993
0.11101394 -0.32363087
0.11219494 -0.3344193
0.11337594 -0.34472087
0.11455694 -0.35453162
0.11573794 -0.3638478
0.11691894 -0.37266615
0.118099935 -0.38098362
0.119280934 -0.3887976
0.12046193 -0.39610583
0.12164293 -0.40290636
0.12282393 -0.40919757
0.12400493 -0.4149782
0.12518594 -0.4202474
0.12636694 -0.42500454
0.12754795 -0.42924938
0.12872896 -0.43298203
0.12990996 -0.43620297
0.13109097 -0.43891296
0.13227198 -0.44111308
0.13345298 -0.44280475
0.13463399 -0.44398978
0.135815 -0.44467026
0.136996 -0.44484857
0.138177 -0.44452742
0.13935801 -0.4437099
0.14053902 -0.44239935
0.14172003 -0.4405993
0.14290103 -0.43831375
0.14408204 -0.43554708
0.14526305 -0.4323037
0.14644405 -0.42858845
0.14762506 -0.4244064
0.14880607 -0.41976303
0.14998707 -0.4146639
0.15116808 -0.40911508
0.15234908 -0.4031226
0.15353009 -0.39669302
0.1547111 -0.3898329
0.1558921 -0.38254932
0.15707311 -0.3748494
0.15825412 -0.36674052
0.15943512 -0.35823044
0.16061613 -0.34932688
0.16179714 -0.340038
0.16297814 -0.33037204
0.16415915 -0.3203375
0.16534016 -0.30994305
0.16652116 -0.2991976
0.16770217 -0.28811008
0.16888317 -0.2766898
0.17006418 -0.26494613
0.17124519 -0.25288862
0.1724262 -0.24052694
0.1736072 -0.22787094
0.1747882 -0.21493064
0.17596921 -0.20171608
0.17715022 -0.18823755
0.17833123 -0.17450537
0.17951223 -0.16053
0.18069324 -0.14632203
0.18187425 -0.13189206
0.18305525 -0.117250845
0.18423626 -0.1024092
0.18541726 -0.087378025
0.18659827 -0.072168246
0.18777928 -0.05679087
0.18896028 -0.041256968
0.19014129 -0.025577605
0.1913223 -0.00976393
0.1925033 0.0061729252
0.19368431 0.022221783
0.19486532 0.038371466
0.19604632 0.054610796
0.19722733 0.070928596
0.19840834 0.0873137
0.19958934 0.10375495
0.20077035 0.12024124
0.20195135 0.13676149
0.20313236 0.15330462
0.20431337 0.16985968
0.20549437 0.18641567
0.20667538 0.20296174
0.20785639 0.21948707
0.2090374 0.23598091
0.2102184 0.2524326
0.2113994 0.26883158
0.21258041 0.28516737
0.21376142 0.30142957
0.21494243 0.31760797
0.21612343 0.33369234
0.21730444 0.34967268
0.21848544 0.36553907
0.21966645 0.38128173
0.22084746 0.39689106
0.22202846 0.4123575
0.22320947 0.42767167
0.22439048 0.44282442
0.22557148 0.4578067
0.22675249 0.4726096
0.2279335 0.4872245
0.2291145 0.5016427
0.23029551 0.51585597
0.23147652 0.5298561
0.23265752 0.5436351
0.23383853 0.55718505
0.23501953 0.5704985
0.23620054 0.583568
0.23738155 0.59638625
0.23856255 0.6089463
0.23974356 0.6212414
0.24092457 0.63326496
0.24210557 0.6450106
0.24328658 0.6564722
0.24446759 0.6676437
0.2456486 0.6785196
0.2468296 0.68909425
0.2480106 0.69936246
0.24919161 0.70931923
0.25037262 0.7189598
0.25155362 0.7282796
0.25273463 0.73727435
0.25391564 0.74593997
0.25509664 0.7542725
0.25627765 0.7622686
0.25745866 0.7699247
0.25863966 0.77723783
0.25982067 0.784205
0.26100168 0.79082364
0.26218268 0.7970913
0.2633637 0.803006
0.2645447 0.80856574
0.2657257 0.81376886
0.2669067 0.818614
0.26808771 0.82310003
0.26926872 0.82722604
0.27044973 0.83099127
0.27163073 0.8343954
0.27281174 0.8374381
0.27399275 0.84011936
0.27517375 0.8424398
0.27635476 0.8443996
0.27753577 0.8459996
0.27871677 0.8472408
0.27989778 0.84812444
0.2810788 0.84865195
0.2822598 0.848825
0.2834408 0.84864527
0.2846218 0.84811527
0.2858028 0.84723693
0.28698382 0.84601307
0.28816482 0.84444636
0.28934583 0.84253985
0.29052684 0.84029657
0.29170784 0.83772
0.29288885 0.83481354
0.29406986 0.8315812
0.29525086 0.8280269
0.29643187 0.8241547
0.29761288 0.81996894
0.29879388 0.8154743
0.2999749 0.81067526
0.3011559 0.80557686
0.3023369 0.800184
0.3035179 0.79450196
0.3046989 0.78853613
0.30587992 0.78229207
0.30706093 0.77577543
0.30824193 0.76899195
0.30942294 0.76194775
0.31060395 0.75464875
0.31178495 0.74710125
0.31296596 0.73931164
0.31414697 0.7312865
0.31532797 0.7230323
0.31650898 0.71455574
0.31768999 0.7058638
0.318871 0.6969632
0.320052 0.6878611
0.321233 0.6785646
0.322414 0.669081
0.32359502 0.6594174
0.32477602 0.64958125
0.32595703 0.6395801
0.32713804 0.6294212
0.32831904 0.6191123
0.32950005 0.60866106
0.33068106 0.5980751
0.33186206 0.58736205
0.33304307 0.5765298
0.33422408 0.56558603
0.33540508 0.5545386
0.3365861 0.54339546
0.3377671 0.5321643
0.3389481 0.5208531
0.3401291 0.50946975
0.3413101 0.49802208
0.34249112 0.486518
0.34367213 0.4749654
0.34485313 0.4633721
0.34603414 0.45174605
0.34721515 0.44009498
0.34839615 0.4284267
0.34957716 0.41674903
0.35075817 0.40506962
0.35193917 0.39339617
0.35312018 0.38173637
0.35430118 0.3700978
0.3554822 0.3584879
0.3566632 0.34691423
0.3578442 0.33538413
0.3590252 0.32390496
0.36020622 0.312484
0.36138722 0.30112836
0.36256823 0.2898452
0.36374924 0.27864146
0.36493024 0.26752412
0.36611125 0.25649995
0.36729226 0.24557567
0.36847326 0.23475792
0.36965427 0.22405316
0.37083527 0.21346784
0.37201628 0.2030082
0.3731973 0.19268045
0.3743783 0.18249057
0.3755593 0.1724445
0.3767403 0.16254804
0.3779213 0.15280683
0.37910232 0.14322641
0.38028333 0.13381216
0.38146433 0.12456933
0.38264534 0.115503
0.38382635 0.10661818
0.38500735 0.09791964
0.38618836 0.08941206
0.38736936 0.08109995
0.38855037 0.07298765
0.38973138 0.06507939
0.39091238 0.057379186
0.3920934 0.049890928
0.3932744 0.04261835
0.3944554 0.035565004
0.3956364 0.028734287
0.39681742 0.022129433
0.39799842 0.0157535
0.39917943 0.009609388
0.40036044 0.0036998205
0.40154144 -0.0019726474
0.40272245 -0.007405621
0.40390345 -0.0125968885
0.40508446 -0.017544407
0.40626547 -0.0222463
0.40744647 -0.026700865
0.40862748 -0.030906577
0.4098085 -0.034862075
0.4109895 -0.03856618
0.4121705 -0.042017873
0.4133515 -0.04521631
0.4145325 -0.04816083
0.41571352 -0.050850924
0.41689453 -0.05328627
0.41807553 -0.055466704
0.41925654 -0.057392236
0.42043754 -0.05906304
0.42161855 -0.06047946
0.42279956 -0.061642
0.42398056 -0.06255133
0.42516157 -0.06320828
0.42634258 -0.063613854
0.42752358 -0.06376921
0.4287046 -0.06367564
0.4298856 -0.06333464
0.4310666 -0.0627478
0.4322476 -0.061916925
0.43342862 -0.060843922
0.43460962 -0.059530873
0.43579063 -0.05797999
0.43697163 -0.05619364
0.43815264 -0.054174334
0.43933365 -0.051924706
0.44051465 -0.049447544
0.44169566 -0.046745755
0.44287667 -0.04382239
0.44405767 -0.04068061
0.44523868 -0.037323732
0.4464197 -0.03375517
0.4476007 -0.02997845
0.4487817 -0.025997253
0.4499627 -0.021815337
0.4511437 -0.01743659
0.45232472 -0.012865001
0.45350572 -0.0081046615
0.45468673 -0.003159767
0.45586774 0.0019653905
0.45704874 0.007266424
0.45822975 0.012738858
0.45941076 0.018378127
0.46059176 0.024179582
0.46177277 0.030138493
0.46295378 0.036250055
0.46413478 0.042509392
0.4653158 0.048911553
0.4664968 0.055451527
0.4676778 0.06212424
0.4688588 0.068924546
0.4700398 0.07584726
0.47122082 0.08288716
0.47240183 0.090038925
0.47358283 0.09729725
0.47476384 0.10465674
0.47594485 0.11211202
0.47712585 0.119657636
0.47830686 0.12728809
0.47948787 0.13499793
0.48066887 0.14278163
0.48184988 0.15063363
0.4830309 0.15854844
0.4842119 0.16652046
0.4853929 0.17454413
0.4865739 0.1826139
0.4877549 0.19072421
0.48893592 0.19886948
0.49011692 0.20704418
0.49129793 0.21524279
0.49247894 0.22345975
0.49365994 0.23168956
0.49484095 0.23992676
0.49602196 0.24816589
0.49720296 0.2564015
0.49838397 0.26462826
0.49956498 0.27284077
0.50074595 0.2810337
0.50192696 0.2892018
0.50310796 0.29733986
0.504289 0.30544263
0.50547 0.31350508
0.506651 0.32152212
0.507832 0.32948866
0.509013 0.33739987
0.510194 0.34525076
0.511375 0.35303652
0.512556 0.3607525
0.513737 0.36839393
0.514918 0.37595624
0.51609904 0.3834349
0.51728004 0.3908255
0.51846105 0.3981237
0.51964206 0.40532514
0.52082306 0.4124257
0.52200407 0.4194213
0.5231851 0.42630783
0.5243661 0.43308148
0.5255471 0.43973845
0.5267281 0.44627494
0.5279091 0.45268735
0.5290901 0.45897225
0.5302711 0.46512622
0.5314521 0.47114587
0.5326331 0.47702804
0.53381413 0.48276964
0.53499514 0.48836774
0.53617615 0.49381948
0.53735715 0.499122
0.53853816 0.5042727
0.53971916 0.5092691
0.5409002 0.5141088
0.5420812 0.51878947
0.5432622 0.5233089
0.5444432 0.5276651
0.5456242 0.531856
0.5468052 0.53588
0.5479862 0.53973526
0.5491672 0.54342014
0.5503482 0.54693335
0.5515292 0.5502734
0.55271024 0.55343914
0.55389124 0.55642945
0.55507225 0.5592434
0.55625325 0.5618801
0.55743426 0.56433886
0.55861527 0.566619
0.5597963 0.5687201
0.5609773 0.57064176
0.5621583 0.57238376
0.5633393 0.5739459
0.5645203 0.5753282
0.5657013 0.5765308
0.5668823 0.5775539
0.5680633 0.57839787
0.5692443 0.5790632
0.57042533 0.5795503
0.57160634 0.57986003
0.57278734 0.5799931
0.57396835 0.5799506
0.57514936 0.57973325
0.57633036 0.57934237
0.57751137 0.57877916
0.5786924 0.5780449
0.5798734 0.57714117
0.5810544 0.5760694
0.5822354 0.57483137
0.5834164 0.5734287
0.5845974 0.5718633
0.5857784 0.57013714
0.5869594 0.5682523
0.5881404 0.5662108
0.58932143 0.5640149
0.59050244 0.561667
0.59168345 0.5591695
0.59286445 0.55652475
0.59404546 0.5537354
0.59522647 0.5508041
0.5964075 0.54773366
0.5975885 0.5445267
0.5987695 0.5411863
0.5999505 0.5377152
0.6011315 0.53411657
0.6023125 0.5303935
0.6034935 0.526549
0.6046745 0.52258646
0.6058555 0.51850903
0.60703653 0.5143201
0.60821754 0.510023
0.60939854 0.50562114
0.61057955 0.5011181
0.61176056 0.49651745
0.61294156 0.49182263
0.61412257 0.48703733
0.6153036 0.48216516
0.6164846 0.4772099
0.6176656 0.47217512
0.6188466 0.46706477
0.6200276 0.46188247
0.6212086 0.45663214
0.6223896 0.45131755
0.6235706 0.44594258
0.6247516 0.44051114
0.62593263 0.435027
0.62711364 0.42949423
0.62829465 0.42391664
0.62947565 0.41829816
0.63065666 0.4126427
0.63183767 0.40695417
0.6330187 0.40123653
0.6341997 0.39549375
0.6353807 0.38972962
0.6365617 0.38394815
0.6377427 0.37815318
0.6389237 0.37234864
0.6401047 0.36653838
0.6412857 0.36072627
0.6424667 0.3549161
0.64364773 0.34911168
0.64482874 0.34331682
0.64600974 0.33753526
0.64719075 0.33177072
0.64837176 0.32602683
0.64955276 0.3203074
0.65073377 0.31461594
0.6519148 0.3089561
0.6530958 0.3033313
0.6542768 0.2977451
0.6554578 0.292201
0.6566388 0.28670236
0.6578198 0.28125253
0.6590008 0.27585486
0.6601818 0.27051255
0.6613628 0.2652288
0.66254383 0.26000682
0.66372484 0.2548496
0.66490585 0.24976024
0.66608685 0.24474162
0.66726786 0.23979676
0.66844887 0.23492835
0.6696299 0.23013924
0.6708109 0.22543213
0.6719919 0.22080961
0.6731729 0.21627428
0.6743539 0.21182859
0.6755349 0.20747498
0.6767159 0.2032158
0.6778969 0.19905326
0.6790779 0.19498959
0.6802589 0.19102691
0.68143994 0.18716724
0.68262094 0.18341255
0.68380195 0.17976469
0.68498296 0.17622545
0.68616396 0.17279655
0.68734497 0.16947962
0.688526 0.16627622
0.689707 0.1631878
0.690888 0.16021575
0.692069 0.15736133
0.69325 0.15462582
0.694431 0.15201026
0.695612 0.14951576
0.696793 0.14714326
0.697974 0.1448936
0.69915503 0.1427676
0.70033604 0.14076592
0.70151705 0.1388892
0.70269805 0.13713796
0.70387906 0.13551264
0.70506006 0.13401358
0.7062411 0.13264108
0.7074221 0.13139533
0.7086031 0.1302764
0.7097841 0.12928434
0.7109651 0.12841907
0.7121461 0.12768044
0.7133271 0.12706822
0.7145081 0.1265821
0.7156891 0.12622169
0.7168701 0.1259865
0.71805114 0.12587601
0.71923214 0.12588955
0.72041315 0.12602644
0.72159415 0.12628587
0.72277516 0.126667
0.72395617 0.12716886
0.7251372 0.12779047
0.7263182 0.12853073
0.7274992 0.12938848
0.7286802 0.13036251
0.7298612 0.1314515
0.7310422 0.13265412
0.7322232 0.13396889
0.7334042 0.13539435
0.7345852 0.13692889
0.73576623 0.13857095
0.73694724 0.14031878
0.73812824 0.1421707
0.73930925 0.14412485
0.74049026 0.1461794
0.74167126 0.1483324
0.7428523 0.1505819
0.7440333 0.1529259
0.7452143 0.15536228
0.7463953 0.15788895
0.7475763 0.16050372
0.7487573 0.16320437
0.7499383 0.16598867
0.7511193 0.16885428
0.7523003 0.17179888
0.7534813 0.17482011
0.75466233 0.17791551
0.75584334 0.18108267
0.75702435 0.18431905
0.75820535 0.18762219
0.75938636 0.1909895
0.76056737 0.19441842
0.7617484 0.19790633
0.7629294 0.20145063
0.7641104 0.20504864
0.7652914 0.20869774
0.7664724 0.21239519
0.7676534 0.21613833
0.7688344 0.21992444
0.7700154 0.22375077
0.7711964 0.22761458
0.77237743 0.23151314
0.77355844 0.23544368
0.77473944 0.23940343
0.77592045 0.24338962
0.77710146 0.24739951
0.77828246 0.25143027
0.77946347 0.2554792
0.7806445 0.2595435
0.7818255 0.26362044
0.7830065 0.26770723
0.7841875 0.27180114
0.7853685 0.2758995
0.7865495 0.27999952
0.7877305 0.2840985
0.7889115 0.2881938
0.7900925 0.29228267
0.79127353 0.29636255
0.79245454 0.30043077
0.79363555 0.30448475
0.79481655 0.30852184
0.79599756 0.31253952
0.79717857 0.3165353
0.7983596 0.32050663
0.7995406 0.324451
0.8007216 0.3283661
0.8019026 0.33224937
0.8030836 0.33609852
0.8042646 0.33991122
0.8054456 0.3436852
0.8066266 0.3474181
0.8078076 0.35110778
0.80898863 0.35475203
0.81016964 0.35834873
0.81135064 0.36189574
0.81253165 0.36539108
0.81371266 0.36883268
0.81489366 0.37221864
0.81607467 0.37554702
0.8172557 0.37881592
0.8184367 0.38202357
0.8196177 0.38516822
0.8207987 0.38824818
0.8219797 0.39126176
0.8231607 0.3942073
0.8243417 0.39708328
0.8255227 0.39988822
0.8267037 0.40262076
0.82788473 0.4052794
0.82906574 0.4078628
0.83024675 0.4103698
0.83142775 0.41279912
0.83260876 0.41514954
0.83378977 0.41742006
0.8349708 0.4196096
0.8361518 0.4217172
0.8373328 0.42374188
0.8385138 0.4256828
0.8396948 0.42753923
0.8408758 0.42931035
0.8420568 0.43099552
0.8432378 0.43259406
0.8444188 0.4341055
0.84559983 0.4355293
0.84678084 0.43686497
0.84796184 0.43811217
0.84914285 0.4392706
0.85032386 0.44033992
0.85150486 0.4413201
0.85268587 0.44221082
0.8538669 0.44301212
0.8550479 0.4437239
0.8562289 0.4443462
0.8574099 0.44487917
0.8585909 0.44532296
0.8597719 0.4456777
0.8609529 0.44594377
0.8621339 0.44612142
0.8633149 0.44621113
0.86449593 0.44621322
0.86567694 0.44612825
0.86685795 0.44595677
0.86803895 0.44569933
0.86921996 0.4453566
0.87040097 0.44492933
0.871582 0.44441828
0.872763 0.44382423
0.873944 0.44314805
0.875125 0.44239065
0.876306 0.44155294
0.877487 0.44063595
0.878668 0.4396408
0.879849 0.4385685
0.88103 0.43742022
0.882211 0.43619716
0.88339204 0.4349005
0.88457304 0.43353155
0.88575405 0.43209162
0.88693506 0.430582
0.88811606 0.42900416
0.88929707 0.42735946
0.8904781 0.4256494
0.8916591 0.42387545
0.8928401 0.42203915
0.8940211 0.42014205
0.8952021 0.41818574
0.8963831 0.41617182
0.8975641 0.414102
0.8987451 0.41197783
0.8999261 0.40980116
0.90110713 0.40757364
0.90228814 0.405297
0.90346915 0.40297315
0.90465015 0.40060365
0.90583116 0.3981905
0.90701216 0.39573547
0.9081932 0.39324045
0.9093742 0.39070728
0.9105552 0.3881378
0.9117362 0.385534
0.9129172 0.38289768
0.9140982 0.3802308
0.9152792 0.37753525
0.9164602 0.37481308
0.9176412 0.3720661
0.9188222 0.36929634
0.92000324 0.36650565
0.92118424 0.36369607
0.92236525 0.36086953
0.92354625 0.35802796
0.92472726 0.35517332
0.92590827 0.3523076
0.9270893 0.34943268
0.9282703 0.34655055
0.9294513 0.34366316
0.9306323 0.34077242
0.9318133 0.33788022
0.9329943 0.33498847
0.9341753 0.33209908
0.9353563 0.32921395
0.9365373 0.32633495
0.93771833 0.32346392
0.93889934 0.32060266
0.94008034 0.31775314
0.94126135 0.31491706
0.94244236 0.31209612
0.94362336 0.30929226
0.9448044 0.3065071
0.9459854 0.3037425
0.9471664 0.30100003
0.9483474 0.29828137
0.9495284 0.29558825
0.9507094 0.2929223
0.9518904 0.29028502
0.9530714 0.28767806
0.9542524 0.28510296
0.9554334 0.28256118
0.95661443 0.28005424
0.95779544 0.2775836
0.95897645 0.27515066
0.96015745 0.27275681
0.96133846 0.2704034
0.96251947 0.2680917
0.9637005 0.2658231
0.9648815 0.26359874
0.9660625 0.26141992
0.9672435 0.25928777
0.9684245 0.25720343
0.9696055 0.25516802
0.9707865 0.25318253
0.9719675 0.25124806
0.9731485 0.24936557
0.97432953 0.247536
0.97551054 0.24576026
0.97669154 0.24403918
0.97787255 0.24237365
0.97905356 0.24076438
0.98023456 0.23921213
0.98141557 0.2377176
0.9825966 0.23628148
0.9837776 0.23490435
0.9849586 0.23358679
0.9861396 0.23232931
0.9873206 0.2311324
0.9885016 0.22999653
0.9896826 0.2289221
0.9908636 0.22790946
0.9920446 0.22695893
0.99322563 0.22607073
0.99440664 0.22524516
0.99558765 0.22448242
0.99676865 0.22378258
0.99794966 0.2231458
0.99913067 0.22257212
1.0003116 0.22206157
1.0014926 0.22161414
1.0026736 0.22122975
1.0038546 0.22090828
1.0050356 0.22064961
1.0062166 0.22045358
1.0073977 0.2203199
1.0085787 0.22024837
1.0097597 0.22023864
1.0109407 0.2202904
1.0121217 0.22040324
1.0133027 0.22057676
1.0144837 0.2208105
1.0156647 0.22110395
1.0168457 0.22145663
1.0180267 0.2218679
1.0192077 0.2223372
1.0203887 0.2228639
1.0215697 0.2234473
1.0227507 0.22408672
1.0239317 0.22478144
1.0251127 0.22553064
1.0262938 0.22633353
1.0274748 0.22718933
1.0286558 0.22809714
1.0298368 0.22905608
1.0310178 0.23006523
1.0321988 0.23112361
1.0333798 0.2322303
1.0345608 0.23338428
1.0357418 0.23458451
1.0369228 0.23582993
1.0381038 0.23711953
1.0392848 0.23845214
1.0404658 0.23982668
1.0416468 0.24124199
1.0428278 0.24269694
1.0440089 0.24419032
1.0451899 0.24572092
1.0463709 0.24728756
1.0475519 0.24888897
1.0487329 0.25052392
1.0499139 0.2521912
1.0510949 0.2538894
1.0522759 0.2556174
1.0534569 0.25737375
1.0546379 0.25915724
1.0558189 0.26096645
1.0569999 0.2628001
1.0581809 0.26465687
1.0593619 0.26653534
1.060543 0.26843423
1.061724 0.27035213
1.062905 0.27228767
1.064086 0.27423948
1.065267 0.2762062
1.066448 0.27818644
1.067629 0.28017884
1.06881 0.28218204
1.069991 0.28419456
1.071172 0.2862152
1.072353 0.28824243
1.073534 0.29027495
1.074715 0.2923114
1.075896 0.29435036
1.077077 0.29639056
1.078258 0.29843062
1.079439 0.30046916
1.08062 0.30250484
1.081801 0.30453646
1.0829821 0.30656257
1.0841631 0.30858195
1.0853441 0.3105933
1.0865251 0.3125953
1.0877061 0.31458676
1.0888871 0.31656632
1.0900681 0.31853285
1.0912491 0.3204851
1.0924301 0.32242188
1.0936111 0.32434198
1.0947921 0.32624424
1.0959731 0.3281275
1.0971541 0.32999066
1.0983351 0.3318326
1.0995162 0.33365223
1.1006972 0.33544847
1.1018782 0.33722025
1.1030592 0.3389666
1.1042402 0.3406865
1.1054212 0.3423789
1.1066022 0.34404293
1.1077832 0.34567764
1.1089642 0.34728208
1.1101452 0.34885544
1.1113262 0.3503968
1.1125072 0.35190535
1.1136882 0.35338023
1.1148692 0.3548208
1.1160502 0.35622615
1.1172312 0.35759562
1.1184123 0.35892856
1.1195933 0.3602242
1.1207743 0.36148193
1.1219553 0.36270118
1.1231363 0.36388138
1.1243173 0.36502194
1.1254983 0.36612236
1.1266793 0.3671821
1.1278603 0.36820072
1.1290413 0.3691778
1.1302223 0.37011287
1.1314033 0.3710056
1.1325843 0.37185565
1.1337653 0.37266266
1.1349463 0.3734264
1.1361274 0.37414664
1.1373084 0.37482303
1.1384894 0.3754555
1.1396704 0.3760438
1.1408514 0.37658778
1.1420324 0.37708735
1.1432134 0.37754253
1.1443944 0.37795317
1.1455754 0.37831926
1.1467564 0.37864083
1.1479374 0.37891793
1.1491184 0.37915063
1.1502994 0.379339
1.1514804 0.3794832
1.1526614 0.3795834
1.1538424 0.3796397
1.1550235 0.37965232
1.1562045 0.37962162
1.1573855 0.37954777
1.1585665 0.37943107
1.1597475 0.37927184
1.1609285 0.37907043
1.1621095 0.3788272
1.1632905 0.37854254
1.1644715 0.37821692
1.1656525 0.37785077
1.1668335 0.37744457
1.1680145 0.37699875
1.1691955 0.37651387
1.1703765 0.37599042
1.1715575 0.37542903
1.1727386 0.37483028
1.1739196 0.37419477
1.1751006 0.3735231
1.1762816 0.3728159
1.1774626 0.37207386
1.1786436 0.3712977
1.1798246 0.37048805
1.1810056 0.36964568
1.1821866 0.36877128
1.1833676 0.36786568
1.1845486 0.36692962
1.1857296 0.36596394
1.1869106 0.3649693
1.1880916 0.36394668
1.1892726 0.3628968
1.1904536 0.36182055
1.1916347 0.36071873
1.1928157 0.3595923
1.1939967 0.35844204
1.1951777 0.3572689
1.1963587 0.35607374
1.1975397 0.35485756
1.1987207 0.35362118
1.1999017 0.35236558
1.2010827 0.35109165
1.2022637 0.3498004
1.2034447 0.34849274
1.2046257 0.34716958
1.2058067 0.34583193
1.2069877 0.34448075
1.2081687 0.34311697
1.2093498 0.3417416
1.2105308 0.34035558
1.2117118 0.33895987
1.2128928 0.33755547
1.2140738 0.3361433
1.2152548 0.3347244
1.2164358 0.33329973
1.2176168 0.33187023
1.2187978 0.3304369
1.2199788 0.32900062
1.2211598 0.32756245
1.2223408 0.32612333
1.2235218 0.32468414
1.2247028 0.32324588
1.2258838 0.3218095
1.2270648 0.3203759
1.2282459 0.318946
1.2294269 0.3175208
1.2306079 0.31610113
1.2317889 0.31468794
1.2329699 0.31328207
1.2341509 0.31188446
1.2353319 0.31049594
1.2365129 0.30911735
1.2376939 0.30774954
1.2388749 0.3063934
1.2400559 0.30504978
1.2412369 0.3037194
1.2424179 0.30240315
1.2435989 0.3011017
1.24478 0.29981595
1.245961 0.2985466
1.247142 0.29729438
1.248323 0.29606006
1.249504 0.29484427
1.250685 0.29364774
1.251866 0.29247117
1.253047 0.29131523
1.254228 0.2901805
1.255409 0.28906766
1.25659 0.2879773
1.257771 0.28691003
1.258952 0.28586638
1.260133 0.28484693
1.261314 0.28385222
1.262495 0.28288275
1.263676 0.281939
1.264857 0.28102148
1.2660381 0.28013062
1.2672191 0.2792669
1.2684001 0.27843067
1.2695811 0.27762234
1.2707621 0.27684227
1.2719431 0.27609086
1.2731241 0.27536842
1.2743051 0.27467522
1.2754861 0.27401164
1.2766671 0.27337787
1.2778481 0.2727742
1.2790291 0.27220085
1.2802101 0.271658
1.2813911 0.27114585
1.2825722 0.27066454
1.2837532 0.2702143
1.2849342 0.26979515
1.2861152 0.2694072
1.2872962 0.2690506
1.2884772 0.26872534
1.2896582 0.26843148
1.2908392 0.26816902
1.2920202 0.267938
1.2932012 0.2677383
1.2943822 0.26757002
1.2955632 0.26743296
1.2967442 0.2673271
1.2979252 0.26725233
1.2991062 0.2672085
1.3002872 0.26719543
1.3014683 0.26721305
1.3026493 0.26726112
1.3038303 0.2673394
1.3050113 0.26744774
1.3061923 0.26758587
1.3073733 0.26775354
1.3085543 0.26795042
1.3097353 0.2681763
1.3109163 0.26843077
1.3120973 0.2687136
1.3132783 0.2690244
1.3144593 0.2693628
1.3156403 0.26972842
1.3168213 0.2701209
1.3180023 0.2705398
1.3191833 0.27098465
1.3203644 0.27145508
1.3215454 0.27195066
1.3227264 0.27247083
1.3239074 0.27301517
1.3250884 0.27358317
1.3262694 0.27417436
1.3274504 0.27478817
1.3286314 0.2754241
1.3298124 0.27608156
1.3309934 0.27676007
1.3321744 0.277459
1.3333554 0.2781778
1.3345364 0.27891588
1.3357174 0.27967268
1.3368984 0.28044754
1.3380795 0.28123987
1.3392605 0.2820491
1.3404415 0.28287455
1.3416225 0.2837156
1.3428035 0.2845716
1.3439845 0.2854419
1.3451655 0.28632587
1.3463465 0.28722283
1.3475275 0.28813213
1.3487085 0.28905314
1.3498895 0.2899851
1.3510705 0.29092738
1.3522515 0.2918793
1.3534325 0.2928402
1.3546135 0.2938094
1.3557945 0.29478619
1.3569756 0.2957699
1.3581566 0.2967598
1.3593376 0.2977553
1.3605186 0.2987556
1.3616996 0.2997601
1.3628806 0.3007681
1.3640616 0.30177888
1.3652426 0.30279183
1.3664236 0.3038062
1.3676046 0.30482134
1.3687856 0.30583662
1.3699666 0.30685133
1.3711476 0.30786481
1.3723286 0.3088764
1.3735096 0.30988547
1.3746907 0.31089133
1.3758717 0.31189334
1.3770527 0.31289092
1.3782337 0.3138834
1.3794147 0.31487015
1.3805957 0.31585056
1.3817767 0.31682402
1.3829577 0.31778994
1.3841387 0.3187477
1.3853197 0.31969675
1.3865007 0.32063648
1.3876817 0.3215664
1.3888627 0.3224859
1.3900437 0.32339442
1.3912247 0.3242914
1.3924057 0.32517636
1.3935868 0.3260488
1.3947678 0.3269082
1.3959488 0.32775408
1.3971298 0.32858595
1.3983108 0.3294034
1.3994918 0.33020586
1.4006728 0.33099294
1.4018538 0.33176425
1.4030348 0.33251932
1.4042158 0.33325776
1.4053968 0.3339792
1.4065778 0.33468327
1.4077588 0.33536953
1.4089398 0.3360377
1.4101208 0.33668742
1.4113019 0.33731842
1.4124829 0.33793032
1.4136639 0.33852282
1.4148449 0.33909565
1.4160259 0.3396486
1.4172069 0.34018138
1.4183879 0.34069377
1.4195689 0.3411855
1.4207499 0.34165642
1.4219309 0.3421063
1.4231119 0.34253502
1.4242929 0.34294236
1.4254739 0.34332818
1.4266549 0.34369233
1.427836 0.34403476
1.429017 0.34435531
1.430198 0.34465393
1.431379 0.3449305
1.43256 0.345185
1.433741 0.34541735
1.434922 0.3456276
1.436103 0.34581572
1.437284 0.34598166
1.438465 0.34612548
1.439646 0.34624717
1.440827 0.3463468
1.442008 0.34642443
1.443189 0.3464801
1.44437 0.34651393
1.445551 0.346526
1.446732 0.34651643
1.447913 0.34648538
1.449094 0.34643295
1.4502751 0.34635937
1.4514561 0.34626472
1.4526371 0.34614924
1.4538181 0.34601307
1.4549991 0.34585646
1.4561801 0.34567958
1.4573611 0.34548274
1.4585421 0.34526613
1.4597231 0.34503
1.4609041 0.3447746
1.4620851 0.34450027
1.4632661 0.34420726
1.4644471 0.34389585
1.4656281 0.34356642
1.4668092 0.34321916
1.4679902 0.34285456
1.4691712 0.3424728
1.4703522 0.34207428
1.4715332 0.34165946
1.4727142 0.34122857
1.4738952 0.34078205
1.4750762 0.3403203
1.4762572 0.33984363
1.4774382 0.3393525
1.4786192 0.33884728
1.4798002 0.3383284
1.4809812 0.33779627
1.4821622 0.33725137
1.4833432 0.336694
1.4845243 0.33612472
1.4857053 0.33554396
1.4868863 0.3349521
1.4880673 0.33434963
1.4892483 0.33373702
1.4904293 0.3331147
1.4916103 0.33248317
1.4927913 0.33184287
1.4939723 0.33119428
1.4951533 0.33053786
1.4963343 0.3298741
1.4975153 0.3292035
1.4986963 0.32852644
1.4998773 0.32784352
1.5010583 0.3271551
1.5022393 0.3264618
1.5034204 0.32576403
1.5046014 0.32506227
1.5057824 0.32435703
1.5069634 0.3236488
1.5081444 0.32293808
1.5093254 0.32222524
1.5105064 0.32151085
1.5116874 0.3207954
1.5128684 0.32007933
1.5140494 0.31936312
1.5152304 0.31864727
1.5164114 0.31793222
1.5175924 0.3172184
1.5187734 0.31650633
1.5199544 0.31579646
1.5211354 0.31508923
1.5223165 0.31438506
1.5234975 0.31368443
1.5246785 0.3129878
1.5258595 0.3122956
1.5270405 0.31160823
1.5282215 0.3109261
1.5294025 0.3102497
1.5305835 0.30957934
1.5317645 0.30891553
1.5329455 0.30825862
1.5341265 0.30760902
1.5353075 0.30696708
1.5364885 0.3063332
1.5376695 0.30570775
1.5388505 0.3050911
1.5400316 0.30448356
1.5412126 0.30388558
1.5423936 0.3032974
1.5435746 0.3027194
1.5447556 0.30215192
1.5459366 0.30159518
1.5471176 0.30104962
1.5482986 0.3005154
1.5494796 0.2999929
1.5506606 0.29948238
1.5518416 0.29898405
1.5530226 0.29849824
1.5542036 0.29802516
1.5553846 0.29756507
1.5565656 0.29711822
1.5577466 0.29668477
1.5589277 0.29626495
1.5601087 0.29585898
1.5612897 0.29546708
1.5624707 0.29508933
1.5636517 0.29472595
1.5648327 0.2943771
1.5660137 0.29404292
1.5671947 0.29372358
1.5683757 0.29341918
1.5695567 0.2931298
1.5707377 0.29285562
1.5719187 0.29259667
1.5730997 0.29235306
1.5742807 0.2921249
1.5754617 0.29191217
1.5766428 0.291715
1.5778238 0.29153335
1.5790048 0.29136732
1.5801858 0.29121694
1.5813668 0.29108217
1.5825478 0.290963
1.5837288 0.29085946
1.5849098 0.29077154
1.5860908 0.2906992
1.5872718 0.29064238
1.5884528 0.29060104
1.5896338 0.29057512
1.5908148 0.29056457
1.5919958 0.29056928
1.5931768 0.29058915
1.5943578 0.2906241
1.5955389 0.29067403
1.5967199 0.29073882
1.5979009 0.2908183
1.5990819 0.29091245
1.6002629 0.291021
1.6014439 0.29114386
1.6026249 0.29128084
1.6038059 0.2914318
1.6049869 0.29159656
1.6061679 0.2917749
1.6073489 0.29196668
1.6085299 0.29217163
1.6097109 0.29238954
1.6108919 0.29262027
1.612073 0.29286355
1.613254 0.29311916
1.614435 0.29338688
1.615616 0.29366642
1.616797 0.29395753
1.617978 0.29426
1.619159 0.29457355
1.62034 0.29489788
1.621521 0.29523277
1.622702 0.29557788
1.623883 0.29593295
1.625064 0.29629773
1.626245 0.29667187
1.627426 0.2970551
1.628607 0.2974471
1.629788 0.29784754
1.630969 0.2982562
1.63215 0.29867268
1.6333311 0.2990967
1.6345121 0.2995279
1.6356931 0.299966
1.6368741 0.30041063
1.6380551 0.30086154
1.6392361 0.30131832
1.6404171 0.30178064
1.6415981 0.3022482
1.6427791 0.30272067
1.6439601 0.30319765
1.6451411 0.3036789
1.6463221 0.30416396
1.6475031 0.3046526
1.6486841 0.30514446
1.6498652 0.30563912
1.6510462 0.30613628
1.6522272 0.30663565
1.6534082 0.3071368
1.6545892 0.30763945
1.6557702 0.30814323
1.6569512 0.30864787
1.6581322 0.30915293
1.6593132 0.3096582
1.6604942 0.3101632
1.6616752 0.31066775
1.6628562 0.3111714
1.6640372 0.31167394
1.6652182 0.31217492
1.6663992 0.3126741
1.6675802 0.31317112
1.6687613 0.3136657
1.6699423 0.31415752
1.6711233 0.31464627
1.6723043 0.31513163
1.6734853 0.31561333
1.6746663 0.316091
1.6758473 0.31656447
1.6770283 0.31703335
1.6782093 0.31749743
1.6793903 0.3179564
1.6805713 0.31840995
1.6817523 0.31885788
1.6829333 0.31929988
1.6841143 0.31973577
1.6852953 0.32016522
1.6864763 0.32058793
1.6876574 0.3210038
1.6888384 0.32141247
1.6900194 0.32181382
1.6912004 0.32220757
1.6923814 0.3225935
1.6935624 0.3229714
1.6947434 0.32334107
1.6959244 0.32370237
1.6971054 0.32405502
1.6982864 0.32439893
1.6994674 0.32473385
1.7006484 0.32505962
1.7018294 0.32537606
1.7030104 0.32568315
1.7041914 0.32598054
1.7053725 0.32626823
1.7065535 0.326546
1.7077345 0.32681385
1.7089155 0.32707155
1.7100965 0.327319
1.7112775 0.32755613
1.7124585 0.32778278
1.7136395 0.3279989
1.7148205 0.32820445
1.7160015 0.32839936
1.7171825 0.32858348
1.7183635 0.32875675
1.7195445 0.32891917
1.7207255 0.32907072
1.7219065 0.32921126
1.7230875 0.32934085
1.7242686 0.32945946
1.7254496 0.32956707
1.7266306 0.32966357
1.7278116 0.32974905
1.7289926 0.32982358
1.7301736 0.3298871
1.7313546 0.3299396
1.7325356 0.32998118
1.7337166 0.33001176
1.7348976 0.33003148
1.7360786 0.3300404
1.7372596 0.33003852
1.7384406 0.33002594
1.7396216 0.3300027
1.7408026 0.3299689
1.7419837 0.32992458
1.7431647 0.32986987
1.7443457 0.32980487
1.7455267 0.32972962
1.7467077 0.32964426
1.7478887 0.32954895
1.7490697 0.32944378
1.7502507 0.3293288
1.7514317 0.32920432
1.7526127 0.3290703
1.7537937 0.32892698
1.7549747 0.32877445
1.7561557 0.3286129
1.7573367 0.32844245
1.7585177 0.3282633
1.7596987 0.32807562
1.7608798 0.32787955
1.7620608 0.32767525
1.7632418 0.32746294
1.7644228 0.3272428
1.7656038 0.327015
1.7667848 0.32677978
1.7679658 0.3265373
1.7691468 0.32628772
1.7703278 0.32603136
1.7715088 0.3257683
1.7726898 0.3254988
1.7738708 0.3252231
1.7750518 0.3249414
1.7762328 0.32465386
1.7774138 0.32436082
1.7785949 0.32406244
1.7797759 0.3237589
1.7809569 0.32345048
1.7821379 0.32313737
1.7833189 0.3228199
1.7844999 0.32249823
1.7856809 0.32217255
1.7868619 0.32184324
1.7880429 0.3215104
1.7892239 0.32117435
1.7904049 0.32083526
1.7915859 0.32049343
1.7927669 0.32014903
1.7939479 0.31980237
1.795129 0.3194537
1.79631 0.31910318
1.797491 0.31875113
1.798672 0.31839773
1.799853 0.3180433
1.801034 0.317688
1.802215 0.31733206
1.803396 0.3169758
1.804577 0.3166194
1.805758 0.31626314
1.806939 0.31590715
1.80812 0.31555176
1.809301 0.31519714
1.810482 0.31484357
1.811663 0.31449124
1.812844 0.31414044
1.814025 0.31379128
1.815206 0.3134441
1.816387 0.31309906
1.8175681 0.3127563
1.8187491 0.31241617
1.8199301 0.31207877
1.8211111 0.3117444
1.8222921 0.31141317
1.8234731 0.3110853
1.8246541 0.31076103
1.8258351 0.31044054
1.8270161 0.31012407
1.8281971 0.30981168
1.8293781 0.30950364
1.8305591 0.30920008
1.8317401 0.30890122
1.8329211 0.3086072
1.8341022 0.3083182
1.8352832 0.30803442
1.8364642 0.30775595
1.8376452 0.30748293
1.8388262 0.30721557
1.8400072 0.30695394
1.8411882 0.3066983
1.8423692 0.3064487
1.8435502 0.30620527
1.8447312 0.30596817
1.8459122 0.3057375
1.8470932 0.30551338
1.8482742 0.30529588
1.8494552 0.30508515
1.8506362 0.30488127
1.8518173 0.30468437
1.8529983 0.30449447
1.8541793 0.30431172
1.8553603 0.3041362
1.8565413 0.30396795
1.8577223 0.30380705
1.8589033 0.3036536
1.8600843 0.30350757
1.8612653 0.30336908
1.8624463 0.3032382
1.8636273 0.30311495
1.8648083 0.30299935
1.8659893 0.30289143
1.8671703 0.3027912
1.8683513 0.30269876
1.8695323 0.3026141
1.8707134 0.30253714
1.8718944 0.30246803
1.8730754 0.30240664
1.8742564 0.30235305
1.8754374 0.30230722
1.8766184 0.30226916
1.8777994 0.30223882
1.8789804 0.3022162
1.8801614 0.30220127
1.8813424 0.30219397
1.8825234 0.3021943
1.8837044 0.3022022
1.8848854 0.30221757
1.8860664 0.30224043
1.8872474 0.3022707
1.8884284 0.30230832
1.8896095 0.3023532
1.8907905 0.30240536
1.8919715 0.30246457
1.8931525 0.30253088
1.8943335 0.30260414
1.8955145 0.3026843
1.8966955 0.30277127
1.8978765 0.3028649
1.8990575 0.30296513
1.9002385 0.30307186
1.9014195 0.30318502
1.9026005 0.30330443
1.9037815 0.30343
1.9049625 0.30356163
1.9061435 0.30369917
1.9073246 0.3038425
1.9085056 0.30399153
1.9096866 0.3041461
1.9108676 0.3043061
1.9120486 0.30447137
1.9132296 0.30464175
1.9144106 0.30481717
1.9155916 0.30499738
1.9167726 0.30518234
1.9179536 0.30537182
1.9191346 0.30556574
1.9203156 0.30576393
1.9214966 0.3059662
1.9226776 0.30617246
1.9238586 0.30638245
1.9250396 0.30659613
1.9262207 0.3068132
1.9274017 0.30703366
1.9285827 0.3072572
1.9297637 0.30748373
1.9309447 0.30771306
1.9321257 0.30794504
1.9333067 0.30817953
1.9344877 0.30841628
1.9356687 0.3086552
1.9368497 0.3088961
1.9380307 0.3091388
1.9392117 0.30938312
1.9403927 0.3096289
1.9415737 0.309876
1.9427547 0.31012422
1.9439358 0.31037334
1.9451168 0.3106233
1.9462978 0.3108739
1.9474788 0.3111249
1.9486598 0.31137618
1.9498408 0.31162763
1.9510218 0.311879
1.9522028 0.31213018
1.9533838 0.31238097
1.9545648 0.3126312
1.9557458 0.31288072
1.9569268 0.31312937
1.9581078 0.313377
1.9592888 0.31362343
1.9604698 0.31386858
1.9616508 0.31411222
1.9628319 0.3143542
1.9640129 0.31459442
1.9651939 0.3148327
1.9663749 0.3150689
1.9675559 0.31530288
1.9687369 0.31553444
1.9699179 0.31576353
1.9710989 0.31598994
1.9722799 0.3162136
1.9734609 0.31643435
1.9746419 0.31665206
1.9758229 0.3168666
1.9770039 0.31707788
1.9781849 0.31728575
1.979366 0.31749007
1.980547 0.31769076
1.981728 0.3178877
1.982909 0.3180808
1.98409 0.31826997
1.985271 0.31845504
1.986452 0.31863597
1.987633 0.3188126
1.988814 0.3189849
1.989995 0.31915274
1.991176 0.31931612
1.992357 0.31947485
1.993538 0.3196289
1.994719 0.31977814
1.9959 0.3199226
1.997081 0.32006216
1.998262 0.32019675
1.999443 0.32032633
2.000624 0.32045084
2.0018048 0.32057023
2.0029857 0.32068437
2.0041666 0.32079333
2.0053475 0.32089707
2.0065284 0.32099545
2.0077093 0.3210885
2.0088902 0.32117617
2.010071 0.32125843
2.011252 0.32133526
2.0124328 0.32140666
2.0136137 0.32147262
2.0147946 0.32153308
2.0159755 0.3215881
2.0171564 0.3216376
2.0183372 0.32168162
2.0195181 0.32172015
2.020699 0.32175317
2.02188 0.32178077
2.0230608 0.32180288
2.0242417 0.32181957
2.0254226 0.32183084
2.0266035 0.3218367
2.0277843 0.3218372
2.0289652 0.32183236
2.0301461 0.32182217
2.031327 0.32180676
2.032508 0.32178608
2.0336888 0.32176024
2.0348697 0.32172927
2.0360506 0.32169318
2.0372314 0.32165205
2.0384123 0.32160595
2.0395932 0.32155493
2.040774 0.32149902
2.041955 0.3214383
2.043136 0.32137287
2.0443168 0.3213028
2.0454977 0.3212281
2.0466785 0.32114887
2.0478594 0.32106522
2.0490403 0.32097724
2.0502212 0.3208849
2.051402 0.32078847
2.052583 0.3206879
2.0537639 0.32058328
2.0549448 0.32047477
2.0561256 0.3203624
2.0573065 0.3202463
2.0584874 0.3201266
2.0596683 0.32000336
2.0608492 0.3198767
2.06203 0.31974667
2.063211 0.31961343
2.0643919 0.31947702
2.0655727 0.31933764
2.0667536 0.3191953
2.0679345 0.3190502
2.0691154 0.3189024
2.0702963 0.31875205
2.0714772 0.3185992
2.072658 0.31844404
2.073839 0.31828666
2.0750198 0.31812716
2.0762007 0.31796563
2.0773816 0.31780222
2.0785625 0.31763706
2.0797434 0.31747022
2.0809243 0.31730187
2.0821052 0.31713217
2.083286 0.3169611
2.084467 0.31678894
2.0856478 0.3166157
2.0868287 0.31644148
2.0880096 0.3162665
2.0891905 0.31609082
2.0903714 0.31591454
2.0915523 0.3157378
2.0927331 0.3155608
2.093914 0.31538355
2.095095 0.3152062
2.0962758 0.31502888
2.0974567 0.31485167
2.0986376 0.3146747
2.0998185 0.3144982
2.1009994 0.31432205
2.1021802 0.31414658
2.1033611 0.31397182
2.104542 0.31379783
2.105723 0.31362477
2.1069038 0.31345275
2.1080847 0.3132819
2.1092656 0.31311223
2.1104465 0.312944
2.1116273 0.31277716
2.1128082 0.31261194
2.113989 0.31244832
2.11517 0.31228647
2.116351 0.31212646
2.1175318 0.3119684
2.1187127 0.3118124
2.1198936 0.3116585
2.1210744 0.31150684
2.1222553 0.3113575
2.1234362 0.31121054
2.124617 0.31106606
2.125798 0.3109241
2.1269789 0.3107848
2.1281598 0.31064826
2.1293406 0.31051445
2.1305215 0.3103835
2.1317024 0.31025547
2.1328833 0.31013048
2.1340642 0.3100085
2.135245 0.30988964
2.136426 0.30977398
2.1376069 0.30966157
2.1387877 0.30955243
2.1399686 0.30944666
2.1411495 0.3093443
2.1423304 0.30924538
2.1435113 0.30914998
2.1446922 0.30905804
2.145873 0.30896974
2.147054 0.30888504
2.1482348 0.30880404
2.1494157 0.30872664
2.1505966 0.308653
2.1517775 0.3085831
2.1529584 0.30851695
2.1541393 0.30845463
2.1553202 0.3083961
2.156501 0.30834138
2.157682 0.30829048
2.1588628 0.30824345
2.1600437 0.30820027
2.1612246 0.30816093
2.1624055 0.30812547
2.1635864 0.3080939
2.1647673 0.3080662
2.1659482 0.30804238
2.167129 0.30802238
2.16831 0.30800626
2.1694908 0.307994
2.1706717 0.30798554
2.1718526 0.3079809
2.1730335 0.30798003
2.1742144 0.30798298
2.1753953 0.30798963
2.1765761 0.30800003
2.177757 0.30801412
2.178938 0.30803186
2.1801188 0.30805326
2.1812997 0.30807826
2.1824806 0.30810678
2.1836615 0.30813888
2.1848423 0.30817446
2.1860232 0.30821344
2.1872041 0.30825582
2.188385 0.30830154
2.189566 0.30835056
2.1907468 0.3084028
2.1919277 0.30845824
2.1931086 0.30851683
2.1942894 0.3085785
2.1954703 0.3086432
2.1966512 0.3087109
2.197832 0.30878145
2.199013 0.30885485
2.200194 0.30893102
2.2013748 0.30900994
2.2025557 0.30909148
2.2037365 0.3091756
2.2049174 0.30926222
2.2060983 0.30935127
2.2072792 0.3094427
2.20846 0.3095364
2.209641 0.30963227
2.2108219 0.30973035
2.2120028 0.30983046
2.2131836 0.30993262
2.2143645 0.3100366
2.2155454 0.31014246
2.2167263 0.31025007
2.2179072 0.3103593
2.219088 0.31047016
2.220269 0.3105825
2.2214499 0.3106963
2.2226307 0.3108114
2.2238116 0.31092778
2.2249925 0.31104532
2.2261734 0.3111639
2.2273543 0.31128356
2.2285352 0.3114041
2.229716 0.3115255
2.230897 0.31164765
2.2320778 0.3117704
2.2332587 0.3118938
2.2344396 0.31201765
2.2356205 0.31214195
2.2368014 0.3122666
2.2379823 0.31239143
2.2391632 0.31251645
2.240344 0.31264153
2.241525 0.3127666
2.2427058 0.31289163
2.2438867 0.31301647
2.2450676 0.31314105
2.2462485 0.31326532
2.2474294 0.31338915
2.2486103 0.31351256
2.2497911 0.31363538
2.250972 0.3137575
2.252153 0.31387898
2.2533338 0.31399962
2.2545147 0.3141194
2.2556956 0.31423825
2.2568765 0.31435606
2.2580574 0.31447276
2.2592382 0.31458834
2.2604191 0.3147027
2.2616 0.31481573
2.262781 0.31492737
2.2639618 0.3150376
2.2651427 0.3151464
2.2663236 0.31525353
2.2675045 0.31535912
2.2686853 0.315463
2.2698662 0.3155652
2.271047 0.31566554
2.272228 0.315764
2.273409 0.3158606
2.2745898 0.31595528
2.2757707 0.3160479
2.2769516 0.3161385
2.2781324 0.31622696
2.2793133 0.31631327
2.2804942 0.3163974
2.281675 0.31647933
2.282856 0.3165589
2.2840369 0.3166362
2.2852178 0.31671113
2.2863986 0.31678367
2.2875795 0.3168538
2.2887604 0.31692144
2.2899413 0.3169866
2.2911222 0.31704924
2.292303 0.31710932
2.293484 0.31716686
2.2946649 0.3172218
2.2958457 0.31727406
2.2970266 0.31732374
2.2982075 0.31737077
2.2993884 0.31741512
2.3005693 0.31745675
2.3017502 0.31749573
2.302931 0.31753197
2.304112 0.31756553
2.3052928 0.31759632
2.3064737 0.31762445
2.3076546 0.3176498
2.3088355 0.31767243
2.3100164 0.31769234
2.3111973 0.3177095
2.3123782 0.31772393
2.313559 0.31773564
2.31474 0.31774467
2.3159208 0.31775096
2.3171017 0.3177546
2.3182826 0.31775552
2.3194635 0.31775382
2.3206444 0.31774944
2.3218253 0.31774244
2.3230062 0.31773287
2.324187 0.31772068
2.325368 0.31770593
2.3265488 0.31768864
2.3277297 0.31766883
2.3289106 0.3176465
2.3300915 0.3176218
2.3312724 0.31759462
2.3324533 0.31756505
2.3336341 0.31753314
2.334815 0.31749883
2.335996 0.3174623
2.3371768 0.31742346
2.3383577 0.3173824
2.3395386 0.31733918
2.3407195 0.31729382
2.3419003 0.31724638
2.3430812 0.31719688
2.3442621 0.31714535
2.345443 0.31709185
2.346624 0.31703642
2.3478048 0.31697914
2.3489857 0.31692007
2.3501666 0.31685922
2.3513474 0.31679663
2.3525283 0.31673235
2.3537092 0.3166665
2.35489 0.31659904
2.356071 0.31653002
2.357252 0.31645957
2.3584328 0.31638774
2.3596137 0.31631458
2.3607945 0.3162401
2.3619754 0.3161644
