36 1
35.861 1.91264
35.6992 2.81887
35.5149 3.71812
35.3083 4.60984
35.0796 5.4935
34.8292 6.36855
34.5574 7.23447
34.2643 8.09075
33.9504 8.93687
33.616 9.77233
33.2613 10.5967
32.8869 11.4094
32.4929 12.21
32.0798 12.998
31.6479 13.7731
31.1977 14.5347
30.7296 15.2825
30.2439 16.016
29.741 16.7349
29.2215 17.4387
28.6857 18.127
28.1341 18.7995
27.5671 19.4559
26.9852 20.0958
26.3889 20.7189
25.7786 21.3249
25.1548 21.9134
24.518 22.4842
23.8687 23.0369
23.2073 23.5715
22.5345 24.0875
21.8507 24.5847
21.1563 25.063
20.452 25.5222
19.7383 25.9619
19.0156 26.3822
18.2844 26.7827
17.5455 27.1633
16.7991 27.524
16.0459 27.8645
15.2865 28.1848
14.5213 28.4847
13.7509 28.7643
12.9758 29.0234
12.1965 29.2619
11.4136 29.4798
10.6277 29.6772
9.83923 29.8539
9.04875 30.0101
8.25679 30.1456
7.46388 30.2605
6.67054 30.355
5.87731 30.4289
5.08469 30.4824
4.29322 30.5156
3.5034 30.5286
2.71574 30.5214
1.93075 30.4942
1.14892 30.4471
0.370761 30.3803
-0.403245 30.2939
-1.17261 30.1881
-1.93686 30.063
-2.69552 29.9189
-3.44811 29.756
-4.19419 29.5744
-4.9333 29.3744
-5.66498 29.1563
-6.38881 28.9202
-7.10435 28.6664
-7.81118 28.3953
-8.50888 28.107
-9.19704 27.8019
-9.87528 27.4802
-10.5432 27.1423
-11.2004 26.7885
-11.8465 26.4191
-12.4812 26.0344
-13.1041 25.6347
-13.7149 25.2205
-14.3132 24.7921
-14.8988 24.3498
-15.4712 23.8939
-16.0302 23.425
-16.5756 22.9433
-17.1069 22.4493
-17.624 21.9433
-18.1267 21.4257
-18.6145 20.897
-19.0874 20.3576
-19.5451 19.8078
-19.9873 19.2481
-20.4139 18.6789
-20.8247 18.1007
-21.2194 17.5139
-21.598 16.9188
-21.9603 16.316
-22.3061 15.7059
-22.6352 15.0889
-22.9477 14.4655
-23.2433 13.8361
-23.5219 13.2012
-23.7836 12.5612
-24.0281 11.9166
-24.2554 11.2677
-24.4656 10.6151
-24.6584 9.95929
-24.834 9.30059
-24.9922 8.63951
-25.1332 7.97649
-25.2568 7.31197
-25.3631 6.6464
-25.4522 5.98023
-25.5241 5.31389
-25.5787 4.64783
-25.6163 3.98248
-25.6368 3.31827
-25.6403 2.65563
-25.627 1.995
-25.5969 1.33679
-25.5502 0.68142
-25.4869 0.029306
-25.4072 -0.619141
-25.3114 -1.26352
-25.1994 -1.90342
-25.0715 -2.53846
-24.9278 -3.16824
-24.7686 -3.79237
-24.594 -4.41049
-24.4042 -5.02222
-24.1994 -5.62719
-23.98 -6.22504
-23.746 -6.81543
-23.4977 -7.398
-23.2354 -7.97241
-22.9592 -8.53834
-22.6696 -9.09546
-22.3667 -9.64346
-22.0509 -10.182
-21.7223 -10.7108
-21.3813 -11.2296
-21.0282 -11.7381
-20.6632 -12.236
-20.2868 -12.7231
-19.8991 -13.199
-19.5006 -13.6636
-19.0915 -14.1166
-18.6722 -14.5577
-18.2429 -14.9868
-17.8042 -15.4036
-17.3561 -15.8079
-16.8993 -16.1996
-16.4339 -16.5783
-15.9603 -16.9441
-15.4789 -17.2967
-14.9901 -17.6359
-14.4941 -17.9616
-13.9915 -18.2736
-13.4825 -18.5719
-12.9675 -18.8563
-12.447 -19.1267
-11.9211 -19.383
-11.3904 -19.6251
-10.8553 -19.853
-10.316 -20.0665
-9.77299 -20.2656
-9.22663 -20.4503
-8.6773 -20.6205
-8.12536 -20.7762
-7.57121 -20.9174
-7.01522 -21.044
-6.45775 -21.1561
-5.8992 -21.2536
-5.33993 -21.3366
-4.78031 -21.4052
-4.22071 -21.4592
-3.6615 -21.4989
-3.10304 -21.5242
-2.54571 -21.5353
-1.98984 -21.5321
-1.43582 -21.5148
-0.883979 -21.4835
-0.334677 -21.4382
0.21174 -21.3791
0.754929 -21.3062
1.29455 -21.2198
1.83027 -21.12
2.36176 -21.0068
2.8887 -20.8804
3.41076 -20.7411
3.92763 -20.5889
4.43899 -20.424
4.94455 -20.2467
5.444 -20.057
5.93706 -19.8553
6.42342 -19.6416
6.90282 -19.4162
7.37497 -19.1794
7.8396 -18.9313
8.29646 -18.6721
8.74528 -18.4022
9.18582 -18.1217
9.61784 -17.8308
10.0411 -17.5299
10.4554 -17.2192
10.8604 -16.8989
11.256 -16.5693
11.642 -16.2307
12.0182 -15.8834
12.3843 -15.5275
12.7403 -15.1635
13.0858 -14.7916
13.4208 -14.412
13.7451 -14.0252
14.0585 -13.6313
14.361 -13.2306
14.6522 -12.8236
14.9322 -12.4104
15.2008 -11.9914
15.4579 -11.5669
15.7034 -11.1371
15.9372 -10.7025
16.1592 -10.2634
16.3693 -9.81991
16.5675 -9.37252
16.7536 -8.9215
16.9277 -8.46717
17.0897 -8.00984
17.2396 -7.54983
17.3773 -7.08746
17.5027 -6.62305
17.616 -6.15691
17.7171 -5.68936
17.8059 -5.22071
17.8825 -4.75128
17.947 -4.28139
17.9993 -3.81133
18.0395 -3.34143
18.0676 -2.87199
18.0836 -2.40331
18.0877 -1.9357
18.0799 -1.46947
18.0603 -1.00491
18.0289 -0.542304
17.9858 -0.0819613
17.9311 0.375834
17.865 0.830793
17.7875 1.28263
17.6988 1.73108
17.5989 2.17585
17.488 2.61669
17.3663 3.0533
17.2339 3.48545
17.0908 3.91286
16.9374 4.33529
16.7737 4.75248
16.5999 5.16419
16.4161 5.57018
16.2226 5.97022
16.0196 6.36407
15.8072 6.75151
15.5856 7.13233
15.355 7.50631
15.1156 7.87324
14.8676 8.23293
14.6113 8.58517
14.3468 8.92978
14.0744 9.26658
13.7942 9.59538
13.5066 9.91602
13.2118 10.2283
12.9099 10.5322
12.6013 10.8273
12.2861 11.1138
11.9646 11.3912
11.6371 11.6597
11.3038 11.9189
10.9649 12.1689
10.6208 12.4094
10.2716 12.6405
9.91761 12.8619
9.55914 13.0736
9.19641 13.2755
8.82968 13.4676
8.45923 13.6497
8.08532 13.8219
7.7082 13.9839
7.32815 14.1359
6.94544 14.2778
6.56032 14.4094
6.17307 14.5308
5.78395 14.642
5.39323 14.743
5.00118 14.8337
4.60805 14.9141
4.21412 14.9843
3.81964 15.0442
3.42489 15.0939
3.03011 15.1334
2.63558 15.1628
2.24155 15.182
1.84826 15.1911
1.45599 15.1902
1.06498 15.1793
0.675477 15.1586
0.287731 15.1279
-0.0980124 15.0875
-0.48151 15.0374
-0.862524 14.9778
-1.24082 14.9086
-1.61616 14.83
-1.98832 14.7421
-2.35707 14.645
-2.72218 14.5388
-3.08344 14.4237
-3.44064 14.2998
-3.79355 14.1672
-4.14198 14.026
-4.48572 13.8763
-4.82457 13.7185
-5.15833 13.5525
-5.48682 13.3785
-5.80984 13.1967
-6.12722 13.0073
-6.43878 12.8104
-6.74435 12.6062
-7.04376 12.3948
-7.33685 12.1766
-7.62347 11.9515
-7.90345 11.7199
-8.17666 11.4819
-8.44295 11.2376
-8.70219 10.9874
-8.95424 10.7314
-9.19899 10.4697
-9.43631 10.2027
-9.66609 9.93047
-9.88821 9.65326
-10.1026 9.37126
-10.3091 9.0847
-10.5077 8.7938
-10.6983 8.49875
-10.8807 8.19979
-11.055 7.89714
-11.221 7.591
-11.3787 7.28161
-11.528 6.96918
-11.669 6.65393
-11.8014 6.3361
-11.9254 6.0159
-12.0408 5.69356
-12.1477 5.36929
-12.2459 5.04333
-12.3356 4.7159
-12.4166 4.38723
-12.4891 4.05752
-12.5529 3.72702
-12.6081 3.39593
-12.6547 3.06449
-12.6928 2.7329
-12.7223 2.40139
-12.7432 2.07018
-12.7557 1.73948
-12.7597 1.4095
-12.7553 1.08046
-12.7425 0.752577
-12.7215 0.426049
-12.6922 0.101086
-12.6547 -0.222106
-12.6092 -0.543325
-12.5556 -0.862373
-12.494 -1.17905
-12.4246 -1.49316
-12.3474 -1.80452
-12.2626 -2.11293
-12.1702 -2.41821
-12.0703 -2.72018
-11.963 -3.01865
-11.8485 -3.31345
-11.7268 -3.60441
-11.5981 -3.89135
-11.4625 -4.17412
-11.3202 -4.45254
-11.1712 -4.72647
-11.0157 -4.99574
-10.8539 -5.26021
-10.6859 -5.51972
-10.5117 -5.77415
-10.3317 -6.02334
-10.1459 -6.26716
-9.95443 -6.50549
-9.75754 -6.7382
-9.55535 -6.96517
-9.34802 -7.18627
-9.13572 -7.4014
-8.91862 -7.61046
-8.69689 -7.81333
-8.47069 -8.00992
-8.24021 -8.20014
-8.00561 -8.38389
-7.76709 -8.5611
-7.5248 -8.73168
-7.27894 -8.89555
-7.02969 -9.05266
-6.77723 -9.20293
-6.52174 -9.34631
-6.26341 -9.48273
-6.00242 -9.61215
-5.73896 -9.73452
-5.47323 -9.84981
-5.20539 -9.95797
-4.93566 -10.059
-4.6642 -10.1528
-4.39121 -10.2394
-4.11688 -10.3188
-3.8414 -10.391
-3.56495 -10.456
-3.28771 -10.5137
-3.00989 -10.5641
-2.73165 -10.6074
-2.4532 -10.6434
-2.17471 -10.6722
-1.89636 -10.6939
-1.61834 -10.7084
-1.34082 -10.7158
-1.064 -10.7161
-0.788036 -10.7094
-0.513117 -10.6956
-0.239416 -10.6749
0.0328939 -10.6474
0.303647 -10.6129
0.572668 -10.5717
0.839791 -10.5238
1.10485 -10.4693
1.3677 -10.4081
1.62815 -10.3405
1.88606 -10.2665
2.14128 -10.1861
2.39365 -10.0995
2.64301 -10.0067
2.88924 -9.90794
3.13217 -9.80319
3.37167 -9.69259
3.6076 -9.57624
3.83983 -9.45426
4.06822 -9.32676
4.29265 -9.19384
4.51298 -9.05564
4.72911 -8.91227
4.94091 -8.76386
5.14827 -8.61052
5.35107 -8.4524
5.54921 -8.28961
5.74258 -8.1223
5.93109 -7.95059
6.11463 -7.77463
6.29312 -7.59456
6.46646 -7.41051
6.63458 -7.22264
6.79739 -7.03108
6.9548 -6.83598
7.10676 -6.6375
7.2532 -6.43577
7.39403 -6.23096
7.52922 -6.02321
7.65869 -5.81267
7.7824 -5.59951
7.90029 -5.38387
8.01233 -5.16592
8.11847 -4.9458
8.21868 -4.72367
8.31292 -4.4997
8.40116 -4.27403
8.48339 -4.04684
8.55957 -3.81827
8.6297 -3.58848
8.69377 -3.35763
8.75176 -3.12588
8.80367 -2.89338
8.8495 -2.6603
8.88926 -2.42679
8.92296 -2.193
8.9506 -1.9591
8.9722 -1.72522
8.98778 -1.49154
8.99738 -1.2582
9.001 -1.02535
8.99869 -0.79314
8.99048 -0.561723
8.97641 -0.331245
8.95652 -0.101851
8.93086 0.126312
8.89947 0.353103
8.86242 0.57838
8.81975 0.802005
8.77153 1.02384
8.71781 1.24375
8.65867 1.46159
8.59418 1.67725
8.5244 1.89058
8.44942 2.10147
8.36931 2.30978
8.28415 2.5154
8.19403 2.7182
8.09903 2.91808
7.99925 3.1149
7.89478 3.30856
7.78571 3.49896
7.67214 3.68598
7.55417 3.86952
7.43191 4.04949
7.30545 4.22577
7.17491 4.39828
7.04039 4.56693
6.902 4.73162
6.75986 4.89227
6.61409 5.0488
6.46479 5.20113
6.31209 5.34918
6.1561 5.49288
5.99695 5.63216
5.83475 5.76695
5.66964 5.89718
5.50174 6.02281
5.33117 6.14377
5.15807 6.26001
4.98255 6.37147
4.80475 6.47813
4.6248 6.57992
4.44283 6.67681
4.25896 6.76877
4.07334 6.85576
3.88609 6.93775
3.69734 7.01473
3.50723 7.08665
3.31589 7.15352
3.12346 7.21531
2.93006 7.272
2.73582 7.3236
2.54089 7.37009
2.34539 7.41148
2.14945 7.44777
1.95321 7.47895
1.75679 7.50505
1.56033 7.52606
1.36396 7.54202
1.16779 7.55292
0.971975 7.55881
0.776622 7.55969
0.581863 7.5556
0.387822 7.54656
0.194623 7.53263
0.00238754 7.51381
-0.18876 7.49017
-0.378705 7.46174
-0.567327 7.42857
-0.754511 7.39071
-0.940142 7.3482
-1.12411 7.3011
-1.30629 7.24948
-1.48659 7.19338
-1.66489 7.13287
-1.84109 7.06802
-2.01508 6.99889
-2.18677 6.92555
-2.35605 6.84807
-2.52282 6.76654
-2.68699 6.68102
-2.84847 6.59159
-3.00717 6.49833
-3.163 6.40134
-3.31586 6.30068
-3.46568 6.19645
-3.61238 6.08875
-3.75588 5.97764
-3.89609 5.86324
-4.03295 5.74564
-4.16639 5.62492
-4.29634 5.50119
-4.42273 5.37454
-4.54551 5.24508
-4.6646 5.1129
-4.77995 4.97811
-4.89151 4.84081
-4.99922 4.70111
-5.10304 4.5591
-5.20292 4.41491
-5.29882 4.26863
-5.39069 4.12037
-5.4785 3.97024
-5.56222 3.81835
-5.64181 3.6648
-5.71724 3.50972
-5.78849 3.35321
-5.85553 3.19538
-5.91835 3.03635
-5.97692 2.87621
-6.03123 2.7151
-6.08127 2.5531
-6.12704 2.39035
-6.16852 2.22695
-6.20571 2.063
-6.23862 1.89863
-6.26724 1.73394
-6.29157 1.56904
-6.31164 1.40404
-6.32745 1.23905
-6.33901 1.07418
-6.34634 0.909532
-6.34946 0.745219
-6.34839 0.581346
-6.34315 0.418017
-6.33377 0.255337
-6.32029 0.0934091
-6.30273 -0.0676659
-6.28113 -0.227786
-6.25552 -0.386851
-6.22594 -0.544764
-6.19245 -0.701426
-6.15507 -0.856742
-6.11386 -1.01062
-6.06886 -1.16296
-6.02014 -1.31367
-5.96773 -1.46267
-5.91169 -1.60987
-5.85209 -1.75518
-5.78898 -1.89851
-5.72243 -2.03979
-5.65249 -2.17893
-5.57923 -2.31584
-5.50271 -2.45047
-5.42302 -2.58272
-5.34021 -2.71253
-5.25436 -2.83982
-5.16555 -2.96453
-5.07384 -3.08658
-4.97931 -3.20591
-4.88205 -3.32247
-4.78213 -3.43618
-4.67964 -3.54699
-4.57464 -3.65485
-4.46724 -3.75969
-4.35751 -3.86147
-4.24553 -3.96014
-4.1314 -4.05565
-4.01519 -4.14796
-3.89701 -4.23701
-3.77693 -4.32278
-3.65505 -4.40523
-3.53146 -4.48431
-3.40624 -4.56
-3.2795 -4.63227
-3.15131 -4.70108
-3.02178 -4.76642
-2.891 -4.82825
-2.75905 -4.88656
-2.62604 -4.94134
-2.49206 -4.99255
-2.35719 -5.0402
-2.22154 -5.08426
-2.0852 -5.12474
-1.94825 -5.16162
-1.8108 -5.1949
-1.67294 -5.22457
-1.53475 -5.25065
-1.39634 -5.27313
-1.25779 -5.29202
-1.1192 -5.30732
-0.980663 -5.31905
-0.84226 -5.32722
-0.704085 -5.33184
-0.566228 -5.33293
-0.42878 -5.33051
-0.291827 -5.32461
-0.155456 -5.31523
-0.0197529 -5.30242
0.115196 -5.2862
0.249307 -5.26659
0.382495 -5.24364
0.51468 -5.21737
0.645779 -5.18782
0.775714 -5.15502
0.904404 -5.11903
1.03177 -5.07987
1.15774 -5.0376
1.28224 -4.99226
1.40519 -4.94389
1.52653 -4.89255
1.64617 -4.83829
1.76406 -4.78115
1.88012 -4.72119
1.99429 -4.65847
2.10651 -4.59304
2.2167 -4.52497
2.32482 -4.4543
2.4308 -4.38111
2.53458 -4.30546
2.63611 -4.2274
2.73533 -4.147
2.8322 -4.06434
2.92666 -3.97947
3.01866 -3.89247
3.10816 -3.8034
3.19511 -3.71233
3.27946 -3.61934
3.36119 -3.5245
3.44025 -3.42788
3.5166 -3.32955
3.5902 -3.22959
3.66103 -3.12807
3.72906 -3.02507
3.79425 -2.92066
3.85658 -2.81493
3.91602 -2.70794
3.97256 -2.59978
4.02616 -2.49053
4.07682 -2.38025
4.12451 -2.26903
4.16922 -2.15695
4.21093 -2.04409
4.24965 -1.93052
4.28536 -1.81632
4.31804 -1.70158
4.34771 -1.58637
4.37435 -1.47076
4.39796 -1.35484
4.41856 -1.23869
4.43613 -1.12238
4.45069 -1.00599
4.46224 -0.8896
4.47079 -0.77328
4.47636 -0.65711
4.47896 -0.541164
4.47859 -0.425518
4.47529 -0.310246
4.46907 -0.195422
4.45994 -0.0811179
4.44794 0.0325931
4.43308 0.14564
4.41539 0.257953
4.3949 0.369461
4.37163 0.480096
4.34563 0.58979
4.31692 0.698477
4.28553 0.806091
4.25151 0.912567
4.21488 1.01784
4.1757 1.12185
4.13398 1.22454
4.08979 1.32584
4.04317 1.4257
3.99414 1.52405
3.94277 1.62085
3.8891 1.71604
3.83318 1.80956
3.77506 1.90136
3.71478 1.9914
3.6524 2.07961
3.58798 2.16597
3.52156 2.25041
3.45321 2.33289
3.38297 2.41338
3.3109 2.49182
3.23707 2.56819
3.16153 2.64243
3.08433 2.71452
3.00555 2.78442
2.92524 2.8521
2.84346 2.91751
2.76027 2.98065
2.67574 3.04146
2.58993 3.09993
2.5029 3.15604
2.41472 3.20976
2.32545 3.26106
2.23516 3.30993
2.14391 3.35635
2.05176 3.4003
1.95879 3.44176
1.86506 3.48074
1.77063 3.5172
1.67557 3.55115
1.57995 3.58257
1.48383 3.61146
1.38728 3.63782
1.29036 3.66163
1.19314 3.68291
1.09569 3.70164
0.998066 3.71784
0.900341 3.7315
0.802576 3.74263
0.704836 3.75124
0.607186 3.75734
0.509689 3.76093
0.412408 3.76204
0.315405 3.76066
0.218744 3.75682
0.122485 3.75054
0.02669 3.74182
-0.0685814 3.7307
-0.163269 3.71718
-0.257315 3.7013
-0.35066 3.68308
-0.443246 3.66254
-0.535018 3.63972
-0.625921 3.61462
-0.715898 3.5873
-0.804896 3.55777
-0.892862 3.52607
-0.979744 3.49224
-1.06549 3.4563
-1.15005 3.41829
-1.23338 3.37825
-1.31543 3.33622
-1.39615 3.29223
-1.4755 3.24633
-1.55343 3.19856
-1.62989 3.14895
-1.70486 3.09755
-1.77828 3.04441
-1.85011 2.98957
-1.92033 2.93308
-1.98888 2.87497
-2.05575 2.81531
-2.12088 2.75413
-2.18425 2.69149
-2.24583 2.62744
-2.30558 2.56202
-2.36348 2.49529
-2.41951 2.42729
-2.47362 2.35809
-2.52581 2.28772
-2.57603 2.21625
-2.62429 2.14373
-2.67054 2.07021
-2.71478 1.99574
-2.75699 1.92039
-2.79714 1.84419
-2.83523 1.76722
-2.87125 1.68952
-2.90517 1.61115
-2.93699 1.53217
-2.9667 1.45262
-2.9943 1.37257
-3.01977 1.29207
-3.04311 1.21117
-3.06432 1.12994
-3.0834 1.04842
-3.10034 0.966677
-3.11515 0.884759
-3.12783 0.802722
-3.13839 0.720622
-3.14682 0.638512
-3.15314 0.556447
-3.15734 0.47448
-3.15946 0.392664
-3.15948 0.311053
-3.15742 0.229698
-3.15331 0.148653
-3.14714 0.067968
-3.13894 -0.0123056
-3.12873 -0.0921175
-3.11652 -0.171418
-3.10232 -0.250157
-3.08617 -0.328287
-3.06809 -0.40576
-3.04809 -0.482529
-3.0262 -0.558546
-3.00244 -0.633767
-2.97685 -0.708146
-2.94945 -0.781639
-2.92026 -0.854204
-2.88932 -0.925797
-2.85665 -0.996378
-2.82229 -1.0659
-2.78627 -1.13434
-2.74863 -1.20164
-2.70939 -1.26777
-2.66859 -1.33269
-2.62627 -1.39638
-2.58247 -1.45878
-2.53721 -1.51987
-2.49054 -1.57962
-2.4425 -1.638
-2.39313 -1.69496
-2.34246 -1.75049
-2.29055 -1.80456
-2.23741 -1.85714
-2.18311 -1.9082
-2.12768 -1.95771
-2.07117 -2.00566
-2.01362 -2.05202
-1.95506 -2.09677
-1.89556 -2.13989
-1.83514 -2.18137
-1.77386 -2.22117
-1.71176 -2.25929
-1.64889 -2.2957
-1.58529 -2.33041
-1.521 -2.36338
-1.45609 -2.39462
-1.39058 -2.42411
-1.32452 -2.45184
-1.25797 -2.4778
-1.19097 -2.50198
-1.12357 -2.52439
-1.05581 -2.54501
-0.987735 -2.56384
-0.919398 -2.58088
-0.850844 -2.59612
-0.782118 -2.60958
-0.713266 -2.62124
-0.644335 -2.63112
-0.575371 -2.63921
-0.506417 -2.64552
-0.437521 -2.65006
-0.368727 -2.65283
-0.300079 -2.65384
-0.231622 -2.6531
-0.1634 -2.65063
-0.0954558 -2.64642
-0.027833 -2.6405
0.0394258 -2.63288
0.106278 -2.62357
0.172683 -2.61259
0.2386 -2.59996
0.303987 -2.58569
0.368805 -2.5698
0.433014 -2.55231
0.496575 -2.53324
0.559451 -2.51262
0.621605 -2.49046
0.682998 -2.46679
0.743595 -2.44164
0.803362 -2.41502
0.862263 -2.38696
0.920264 -2.3575
0.977333 -2.32665
1.03344 -2.29445
1.08855 -2.26092
1.14263 -2.2261
1.19565 -2.19001
1.24759 -2.15269
1.29842 -2.11416
1.3481 -2.07446
1.39662 -2.03362
1.44395 -1.99168
1.49006 -1.94866
1.53493 -1.90461
1.57854 -1.85956
1.62087 -1.81354
1.66189 -1.76658
1.70158 -1.71873
1.73994 -1.67003
1.77693 -1.6205
1.81255 -1.57018
1.84678 -1.51912
1.8796 -1.46735
1.91099 -1.4149
1.94096 -1.36183
1.96948 -1.30816
1.99655 -1.25393
2.02215 -1.19918
2.04627 -1.14396
2.06892 -1.0883
2.09008 -1.03223
2.10974 -0.975808
2.12791 -0.919061
2.14458 -0.86203
2.15974 -0.804756
2.1734 -0.747276
2.18556 -0.68963
2.1962 -0.631857
2.20535 -0.573995
2.213 -0.516083
2.21914 -0.458159
2.2238 -0.400262
2.22697 -0.342429
2.22865 -0.284697
2.22886 -0.227105
2.22761 -0.169689
2.2249 -0.112486
2.22074 -0.0555329
2.21515 0.00113506
2.20813 0.0574821
2.19971 0.113473
2.18988 0.169073
2.17867 0.224247
2.16609 0.278962
2.15217 0.333185
2.1369 0.386883
2.12032 0.440022
2.10244 0.492572
2.08327 0.544502
2.06285 0.59578
2.04119 0.646377
2.01831 0.696264
1.99423 0.745411
1.96897 0.79379
1.94257 0.841374
1.91504 0.888136
1.8864 0.934051
1.85669 0.979092
1.82593 1.02324
1.79414 1.06646
1.76135 1.10873
1.72759 1.15004
1.69289 1.19036
1.65726 1.22967
1.62075 1.26795
1.58339 1.30518
1.54519 1.34135
1.50619 1.37642
1.46643 1.4104
1.42592 1.44325
1.38471 1.47497
1.34282 1.50554
1.30029 1.53495
1.25714 1.56319
1.21341 1.59024
1.16913 1.61609
1.12433 1.64073
1.07904 1.66416
1.0333 1.68636
0.987145 1.70733
0.940599 1.72705
0.893698 1.74553
0.846475 1.76276
0.798962 1.77873
0.751193 1.79345
0.703201 1.8069
0.655017 1.81909
0.606676 1.83001
0.558209 1.83967
0.509649 1.84807
0.461029 1.8552
0.412381 1.86108
0.363736 1.8657
0.315128 1.86907
0.266587 1.87119
0.218145 1.87207
0.169834 1.87171
0.121684 1.87013
0.0737267 1.86732
0.0259919 1.86331
-0.0214903 1.85809
-0.06869 1.85168
-0.115578 1.8441
-0.162125 1.83534
-0.208302 1.82543
-0.254082 1.81437
-0.299435 1.80218
-0.344336 1.78888
-0.388757 1.77448
-0.432671 1.75899
-0.476052 1.74243
-0.518876 1.72483
-0.561117 1.70619
-0.60275 1.68653
-0.643752 1.66588
-0.684099 1.64425
-0.723769 1.62166
-0.762739 1.59813
-0.800987 1.57369
-0.838493 1.54835
-0.875236 1.52213
-0.911197 1.49506
-0.946355 1.46717
-0.980692 1.43847
-1.01419 1.40898
-1.04684 1.37874
-1.07861 1.34776
-1.10949 1.31607
-1.13947 1.28369
-1.16853 1.25066
-1.19666 1.21699
-1.22384 1.18271
-1.25007 1.14784
-1.27533 1.11242
-1.2996 1.07647
-1.32289 1.04001
-1.34517 1.00308
-1.36644 0.965696
-1.3867 0.927889
-1.40593 0.889686
-1.42413 0.851114
-1.44129 0.812202
-1.4574 0.772975
-1.47247 0.733462
-1.48648 0.693691
-1.49944 0.653688
-1.51134 0.613482
-1.52218 0.573101
-1.53195 0.532571
-1.54067 0.49192
-1.54832 0.451175
-1.55492 0.410365
-1.56045 0.369515
-1.56493 0.328654
-1.56835 0.287807
-1.57073 0.247002
-1.57205 0.206266
-1.57234 0.165624
-1.5716 0.125103
-1.56982 0.0847292
-1.56702 0.0445277
-1.56321 0.00452433
-1.5584 -0.035256
-1.55258 -0.0747886
-1.54578 -0.114048
-1.53801 -0.153011
-1.52926 -0.191654
-1.51956 -0.229951
-1.50892 -0.267882
-1.49735 -0.305422
-1.48485 -0.342549
-1.47146 -0.379241
-1.45717 -0.415477
-1.442 -0.451235
-1.42597 -0.486494
-1.4091 -0.521234
-1.39139 -0.555436
-1.37288 -0.589079
-1.35356 -0.622145
-1.33346 -0.654615
-1.3126 -0.686472
-1.291 -0.717697
-1.26867 -0.748275
-1.24563 -0.778188
-1.22191 -0.80742
-1.19751 -0.835957
-1.17247 -0.863783
-1.1468 -0.890885
-1.12052 -0.917248
-1.09365 -0.942859
-1.06622 -0.967706
-1.03823 -0.991776
-1.00973 -1.01506
-0.980723 -1.03754
-0.951236 -1.05922
-0.92129 -1.08008
-0.890908 -1.10011
-0.860112 -1.1193
-0.828925 -1.13765
-0.79737 -1.15515
-0.765469 -1.17179
-0.733246 -1.18756
-0.700723 -1.20247
-0.667923 -1.2165
-0.63487 -1.22966
-0.601586 -1.24193
-0.568095 -1.25331
-0.534421 -1.26381
-0.500585 -1.27342
-0.466612 -1.28214
-0.432524 -1.28996
-0.398345 -1.2969
-0.364097 -1.30294
-0.329803 -1.30809
-0.295486 -1.31235
-0.26117 -1.31573
-0.226875 -1.31822
-0.192626 -1.31984
-0.158443 -1.32057
-0.12435 -1.32044
-0.090367 -1.31944
-0.0565171 -1.31757
-0.0228214 -1.31486
0.010699 -1.31129
0.0440228 -1.30688
0.0771293 -1.30164
0.109998 -1.29557
0.142609 -1.28868
0.174941 -1.28099
0.206976 -1.2725
0.238694 -1.26322
0.270076 -1.25316
0.301103 -1.24234
0.331757 -1.23076
0.362019 -1.21844
0.391873 -1.20539
0.4213 -1.19162
0.450285 -1.17714
0.478809 -1.16197
0.506858 -1.14613
0.534415 -1.12962
0.561465 -1.11246
0.587994 -1.09467
0.613986 -1.07626
0.639428 -1.05724
0.664306 -1.03764
0.688606 -1.01747
0.712317 -0.996742
0.735426 -0.975477
0.757921 -0.953692
0.779791 -0.931403
0.801025 -0.908628
0.821612 -0.885385
0.841544 -0.861691
0.86081 -0.837565
0.879401 -0.813025
0.897309 -0.78809
0.914527 -0.762777
0.931046 -0.737107
0.94686 -0.711097
0.961963 -0.684767
0.976348 -0.658136
0.99001 -0.631223
1.00294 -0.604047
1.01515 -0.576628
1.02661 -0.548985
1.03734 -0.521137
1.04733 -0.493105
1.05657 -0.464907
1.06506 -0.436562
1.07281 -0.408091
1.0798 -0.379513
1.08605 -0.350847
1.09155 -0.322113
1.0963 -0.293329
1.1003 -0.264515
1.10356 -0.23569
1.10608 -0.206874
1.10785 -0.178084
1.10889 -0.14934
1.10919 -0.12066
1.10876 -0.0920629
1.1076 -0.063567
1.10573 -0.0351905
1.10313 -0.00695113
1.09983 0.0211331
1.09582 0.0490447
1.09112 0.0767663
1.08572 0.104281
1.07965 0.131571
1.07289 0.158621
1.06547 0.185414
1.0574 0.211933
1.04867 0.238164
1.0393 0.264089
1.02931 0.289694
1.01869 0.314965
1.00746 0.339886
0.99564 0.364442
0.983228 0.38862
0.970241 0.412407
0.956689 0.435787
0.942585 0.45875
0.927942 0.481281
0.912772 0.503368
0.897087 0.525
0.880902 0.546165
0.86423 0.566851
0.847084 0.587048
0.829478 0.606745
0.811426 0.625932
0.792944 0.644599
0.774045 0.662737
0.754744 0.680337
0.735056 0.697391
0.714997 0.71389
0.694581 0.729827
0.673824 0.745194
0.652741 0.759984
0.631349 0.774192
0.609663 0.787811
0.587699 0.800834
0.565473 0.813259
0.543001 0.825078
0.520299 0.836289
0.497384 0.846886
0.474271 0.856868
0.450977 0.86623
0.427519 0.87497
0.403912 0.883085
0.380173 0.890574
0.356319 0.897436
0.332366 0.90367
0.308329 0.909274
0.284225 0.914249
0.260072 0.918596
0.235883 0.922314
0.211677 0.925405
0.187468 0.927871
0.163273 0.929713
0.139107 0.930933
0.114986 0.931536
0.0909266 0.931522
0.066943 0.930897
0.043051 0.929663
0.0192658 0.927826
-0.00439778 0.925389
-0.0279247 0.922358
-0.0513002 0.918738
-0.0745099 0.914535
-0.0975395 0.909755
-0.120375 0.904404
-0.143002 0.898489
-0.165407 0.892017
-0.187577 0.884995
-0.209499 0.877432
-0.231159 0.869335
-0.252544 0.860712
-0.273643 0.851572
-0.294443 0.841925
-0.314932 0.831779
-0.335098 0.821144
-0.354929 0.810029
-0.374416 0.798445
-0.393546 0.786401
-0.41231 0.773909
-0.430696 0.76098
-0.448696 0.747623
-0.466299 0.73385
-0.483497 0.719673
-0.500279 0.705103
-0.516638 0.690153
-0.532565 0.674833
-0.548052 0.659156
-0.563091 0.643135
-0.577675 0.626782
-0.591798 0.61011
-0.605451 0.593131
-0.61863 0.575858
-0.631328 0.558304
-0.643539 0.540483
-0.655258 0.522407
-0.66648 0.50409
-0.677201 0.485546
-0.687417 0.466787
-0.697123 0.447827
-0.706316 0.428681
-0.714993 0.409361
-0.723151 0.389881
-0.730788 0.370255
-0.737902 0.350497
-0.74449 0.33062
-0.750552 0.310638
-0.756087 0.290565
-0.761094 0.270415
-0.765572 0.2502
-0.769522 0.229936
-0.772943 0.209635
-0.775838 0.189311
-0.778207 0.168978
-0.78005 0.148648
-0.781371 0.128336
-0.782171 0.108054
-0.782452 0.0878154
-0.782218 0.0676338
-0.781471 0.0475218
-0.780215 0.0274923
-0.778453 0.00755776
-0.77619 -0.0122689
-0.773429 -0.0319755
-0.770176 -0.0515497
-0.766435 -0.0709794
-0.762212 -0.0902526
-0.757512 -0.109358
-0.75234 -0.128283
-0.746704 -0.147017
-0.740608 -0.165548
-0.734061 -0.183866
-0.727068 -0.20196
-0.719637 -0.219818
-0.711775 -0.237432
-0.70349 -0.254789
-0.694789 -0.271881
-0.685681 -0.288698
-0.676174 -0.305231
-0.666276 -0.321469
-0.655997 -0.337404
-0.645344 -0.353027
-0.634328 -0.36833
-0.622957 -0.383305
-0.611241 -0.397943
-0.59919 -0.412237
-0.586813 -0.426179
-0.574121 -0.439763
-0.561122 -0.452981
-0.547829 -0.465826
-0.534251 -0.478293
-0.520399 -0.490374
-0.506282 -0.502066
-0.491913 -0.513361
-0.477302 -0.524256
-0.46246 -0.534744
-0.447398 -0.544821
-0.432128 -0.554484
-0.416659 -0.563728
-0.401004 -0.572549
-0.385174 -0.580944
-0.369181 -0.588909
-0.353035 -0.596443
-0.336749 -0.603543
-0.320333 -0.610205
-0.3038 -0.616429
-0.28716 -0.622213
-0.270426 -0.627555
-0.253609 -0.632455
-0.23672 -0.636911
-0.219771 -0.640924
-0.202773 -0.644493
-0.185739 -0.647618
-0.168678 -0.6503
-0.151603 -0.65254
-0.134525 -0.654338
-0.117455 -0.655696
-0.100405 -0.656616
-0.0833846 -0.657099
-0.0664058 -0.657147
-0.0494794 -0.656763
-0.032616 -0.65595
-0.0158265 -0.654711
0.000878534 -0.653048
0.0174886 -0.650966
0.0339932 -0.648468
0.0503822 -0.645557
0.0666454 -0.642239
0.0827729 -0.638518
0.0987549 -0.634398
0.114582 -0.629885
0.130244 -0.624983
0.145732 -0.619698
0.161036 -0.614036
0.176149 -0.608003
0.19106 -0.601604
0.205761 -0.594846
0.220244 -0.587735
0.234501 -0.580278
0.248522 -0.572483
0.262302 -0.564355
0.275831 -0.555902
0.289102 -0.547131
0.302109 -0.538051
0.314843 -0.528669
0.327299 -0.518992
0.339469 -0.509029
0.351347 -0.498787
0.362927 -0.488276
0.374203 -0.477503
0.38517 -0.466478
0.395822 -0.455208
0.406153 -0.443703
0.416159 -0.431971
0.425835 -0.420022
0.435177 -0.407864
0.444179 -0.395507
0.452839 -0.382961
0.461153 -0.370233
0.469117 -0.357334
0.476727 -0.344273
0.483981 -0.33106
0.490876 -0.317703
0.49741 -0.304214
0.503579 -0.290601
0.509383 -0.276874
0.51482 -0.263042
0.519887 -0.249116
0.524585 -0.235105
0.528911 -0.221019
0.532865 -0.206867
0.536446 -0.192659
0.539655 -0.178404
0.542491 -0.164114
0.544955 -0.149796
0.547046 -0.13546
0.548767 -0.121117
0.550117 -0.106775
0.551097 -0.0924435
0.551711 -0.0781327
0.551958 -0.0638515
0.551841 -0.049609
0.551362 -0.0354143
0.550524 -0.0212767
0.549329 -0.00720501
0.547779 0.00679199
0.545878 0.0207054
0.54363 0.0345265
0.541037 0.0482469
0.538103 0.061858
0.534832 0.0753515
0.531228 0.0887192
0.527295 0.101953
0.523038 0.115045
0.518462 0.127988
0.51357 0.140773
0.508369 0.153394
0.502863 0.165842
0.497058 0.178111
0.490959 0.190194
0.484572 0.202083
0.477903 0.213773
0.470957 0.225255
0.463742 0.236525
0.456262 0.247576
0.448525 0.258402
0.440536 0.268997
0.432304 0.279355
0.423834 0.289471
0.415133 0.29934
0.406209 0.308956
0.397068 0.318315
0.387718 0.327412
0.378166 0.336242
0.368419 0.344801
0.358486 0.353086
0.348373 0.361091
0.338088 0.368815
0.32764 0.376252
0.317035 0.3834
0.306281 0.390255
0.295388 0.396816
0.284361 0.403078
0.273211 0.40904
0.261943 0.4147
0.250568 0.420056
0.239091 0.425105
0.227523 0.429846
0.215871 0.434278
0.204142 0.438399
0.192346 0.44221
0.18049 0.445708
0.168582 0.448893
0.156631 0.451766
0.144645 0.454325
0.132631 0.456572
0.120598 0.458505
0.108554 0.460127
0.0965065 0.461437
0.0844637 0.462436
0.0724334 0.463126
0.0604236 0.463508
0.0484419 0.463583
0.0364961 0.463353
0.0245939 0.46282
0.0127428 0.461985
0.000950347 0.460852
-0.0107762 0.459423
-0.0224294 0.457699
-0.0340019 0.455685
-0.0454867 0.453382
-0.0568767 0.450795
-0.0681649 0.447926
-0.0793446 0.444779
-0.0904089 0.441358
-0.101351 0.437666
-0.112165 0.433707
-0.122844 0.429485
-0.133382 0.425006
-0.143773 0.420272
-0.154011 0.415289
-0.16409 0.410061
-0.174003 0.404593
-0.183747 0.39889
-0.193315 0.392958
-0.202701 0.386801
-0.211901 0.380424
-0.220911 0.373834
-0.229724 0.367035
-0.238336 0.360033
-0.246743 0.352834
-0.25494 0.345444
-0.262924 0.337869
-0.270689 0.330115
-0.278233 0.322188
-0.285551 0.314094
-0.292641 0.305839
-0.299498 0.29743
-0.306119 0.288872
-0.312502 0.280174
-0.318644 0.271341
-0.324541 0.262379
-0.330192 0.253295
-0.335594 0.244096
-0.340745 0.234789
-0.345643 0.225381
-0.350286 0.215877
-0.354672 0.206285
-0.358801 0.196612
-0.362671 0.186864
-0.366281 0.177049
-0.369629 0.167173
-0.372716 0.157243
-0.37554 0.147265
-0.378102 0.137247
-0.3804 0.127196
-0.382436 0.117118
-0.384209 0.10702
-0.38572 0.0969083
-0.386968 0.0867904
-0.387955 0.0766726
-0.388682 0.0665617
-0.389149 0.0564641
-0.389358 0.0463865
-0.38931 0.0363354
-0.389006 0.0263172
-0.388448 0.0163384
-0.387639 0.0064052
-0.386579 -0.00347605
-0.385271 -0.0132992
-0.383717 -0.023058
-0.38192 -0.0327466
-0.379882 -0.0423589
-0.377607 -0.051889
-0.375095 -0.0613311
-0.372352 -0.0706796
-0.36938 -0.0799288
-0.366181 -0.0890733
-0.36276 -0.0981075
-0.35912 -0.107026
-0.355265 -0.115824
-0.351197 -0.124496
-0.346923 -0.133038
-0.342444 -0.141443
-0.337766 -0.149708
-0.332892 -0.157828
-0.327827 -0.165799
-0.322575 -0.173615
-0.317141 -0.181274
-0.311529 -0.188769
-0.305744 -0.196099
-0.299791 -0.203258
-0.293675 -0.210243
-0.2874 -0.217051
-0.280972 -0.223677
-0.274396 -0.230119
-0.267676 -0.236374
-0.260819 -0.242437
-0.253829 -0.248307
-0.246712 -0.253981
-0.239472 -0.259456
-0.232117 -0.26473
-0.22465 -0.269799
-0.217078 -0.274663
-0.209406 -0.279319
-0.20164 -0.283765
-0.193786 -0.287999
-0.185848 -0.29202
-0.177833 -0.295827
-0.169747 -0.299417
-0.161594 -0.302791
-0.153382 -0.305947
-0.145115 -0.308883
-0.1368 -0.311601
-0.128442 -0.314098
-0.120046 -0.316374
-0.111619 -0.31843
-0.103167 -0.320265
-0.0946942 -0.321879
-0.0862073 -0.323273
-0.0777117 -0.324446
-0.0692131 -0.3254
-0.060717 -0.326134
-0.052229 -0.32665
-0.0437547 -0.326948
-0.0352995 -0.32703
-0.026869 -0.326896
-0.0184684 -0.326548
-0.0101032 -0.325988
-0.00177857 -0.325217
0.00650015 -0.324236
0.0147278 -0.323048
0.0228993 -0.321654
0.0310095 -0.320057
0.0390536 -0.318259
0.0470265 -0.316261
0.0549234 -0.314067
0.0627396 -0.311679
0.0704704 -0.3091
0.0781112 -0.306332
0.0856575 -0.303379
0.0931049 -0.300243
0.100449 -0.296928
0.107686 -0.293436
0.114811 -0.289771
0.12182 -0.285936
0.128709 -0.281935
0.135475 -0.277771
0.142114 -0.273449
0.148622 -0.268971
0.154996 -0.264342
0.161231 -0.259565
0.167326 -0.254645
0.173276 -0.249585
0.179078 -0.24439
0.18473 -0.239063
0.190229 -0.23361
0.195572 -0.228034
0.200756 -0.222339
0.205778 -0.216531
0.210638 -0.210613
0.215331 -0.204591
0.219856 -0.198467
0.224211 -0.192249
0.228395 -0.185938
0.232404 -0.179542
0.236238 -0.173063
0.239896 -0.166508
0.243375 -0.15988
0.246674 -0.153185
0.249793 -0.146426
0.25273 -0.13961
0.255484 -0.13274
0.258055 -0.125822
0.260442 -0.118861
0.262644 -0.111861
0.264661 -0.104827
0.266493 -0.0977632
0.268139 -0.0906756
0.2696 -0.0835684
0.270875 -0.0764465
0.271966 -0.0693147
0.272871 -0.0621775
0.273592 -0.0550399
0.274129 -0.0479064
0.274483 -0.0407818
0.274655 -0.0336707
0.274645 -0.0265776
0.274454 -0.0195071
0.274085 -0.0124638
0.273537 -0.00545214
0.272813 0.0015235
0.271914 0.00845871
0.270841 0.0153492
0.269596 0.0221906
0.268181 0.0289788
0.266598 0.0357096
0.264849 0.0423788
0.262935 0.0489826
0.26086 0.0555168
0.258625 0.0619776
0.256232 0.0683612
0.253685 0.0746638
0.250985 0.0808817
0.248136 0.0870113
0.24514 0.0930491
0.241999 0.0989916
0.238718 0.104836
0.235298 0.110577
0.231743 0.116214
0.228055 0.121743
0.224239 0.12716
0.220297 0.132464
0.216232 0.13765
0.212049 0.142716
0.207749 0.14766
0.203337 0.152479
0.198817 0.157171
0.194192 0.161733
0.189465 0.166163
0.18464 0.170458
0.179722 0.174618
0.174713 0.178639
0.169617 0.18252
0.164439 0.186259
0.159182 0.189854
0.15385 0.193305
0.148448 0.196609
0.142978 0.199765
0.137445 0.202772
0.131853 0.205629
0.126206 0.208334
0.120509 0.210888
0.114764 0.213288
0.108976 0.215535
0.103149 0.217627
0.0972876 0.219565
0.0913953 0.221347
0.0854762 0.222974
0.0795344 0.224445
0.0735739 0.22576
0.0675987 0.226919
0.061613 0.227923
0.0556205 0.228772
0.0496254 0.229465
0.0436316 0.230003
0.037643 0.230388
0.0316634 0.230619
0.0256969 0.230697
0.0197472 0.230623
0.0138182 0.230398
0.00791354 0.230022
0.00203711 0.229498
-0.00380746 0.228826
-0.00961649 0.228007
-0.0153864 0.227043
-0.0211135 0.225936
-0.0267944 0.224686
-0.0324257 0.223295
-0.0380037 0.221766
-0.0435253 0.2201
-0.048987 0.218298
-0.0543857 0.216364
-0.0597182 0.214298
-0.0649813 0.212102
-0.0701719 0.20978
-0.0752871 0.207334
-0.0803239 0.204764
-0.0852795 0.202075
-0.090151 0.199268
-0.0949358 0.196346
-0.0996311 0.193312
-0.104234 0.190168
-0.108743 0.186916
-0.113155 0.18356
-0.117468 0.180103
-0.121679 0.176546
-0.125786 0.172894
-0.129787 0.169149
-0.133681 0.165314
-0.137465 0.161391
-0.141137 0.157385
-0.144695 0.153299
-0.148138 0.149134
-0.151465 0.144895
-0.154673 0.140585
-0.157761 0.136207
-0.160729 0.131764
-0.163574 0.12726
-0.166295 0.122697
-0.168892 0.11808
-0.171363 0.113411
-0.173707 0.108694
-0.175924 0.103932
-0.178013 0.099129
-0.179973 0.0942879
-0.181804 0.0894122
-0.183505 0.0845053
-0.185076 0.0795706
-0.186517 0.0746115
-0.187826 0.0696314
-0.189005 0.0646337
-0.190053 0.0596218
-0.19097 0.054599
-0.191757 0.0495687
-0.192413 0.0445343
-0.192939 0.0394991
-0.193335 0.0344663
-0.193602 0.0294394
-0.19374 0.0244215
-0.19375 0.019416
-0.193633 0.014426
-0.193389 0.0094547
-0.19302 0.00450531
-0.192525 -0.000419077
-0.191907 -0.00531535
-0.191167 -0.0101805
-0.190305 -0.0150114
-0.189323 -0.0198052
-0.188222 -0.0245588
-0.187003 -0.0292695
-0.185669 -0.0339343
-0.18422 -0.0385504
-0.182658 -0.0431152
-0.180985 -0.0476257
-0.179202 -0.0520795
-0.177312 -0.0564739
-0.175316 -0.0608064
-0.173216 -0.0650744
-0.171015 -0.0692755
-0.168713 -0.0734074
-0.166313 -0.0774677
-0.163818 -0.0814541
-0.161229 -0.0853645
-0.158549 -0.0891967
-0.15578 -0.0929486
-0.152924 -0.0966182
-0.149984 -0.100204
-0.146962 -0.103703
-0.14386 -0.107114
-0.140681 -0.110436
-0.137428 -0.113666
-0.134103 -0.116804
-0.130709 -0.119847
-0.127248 -0.122794
-0.123723 -0.125644
-0.120136 -0.128395
-0.116491 -0.131046
-0.11279 -0.133596
-0.109035 -0.136044
-0.105231 -0.138388
-0.101378 -0.140628
-0.0974812 -0.142764
-0.0935419 -0.144793
-0.0895635 -0.146716
-0.0855487 -0.148532
-0.0815004 -0.150239
-0.0774214 -0.151839
-0.0733146 -0.153329
-0.0691828 -0.154711
-0.065029 -0.155983
-0.0608558 -0.157145
-0.0566663 -0.158197
-0.0524632 -0.15914
-0.0482494 -0.159972
-0.0440277 -0.160695
-0.0398009 -0.161308
-0.0355719 -0.161812
-0.0313434 -0.162206
-0.0271182 -0.162492
-0.0228991 -0.162669
-0.0186888 -0.162739
-0.01449 -0.162701
-0.0103053 -0.162556
-0.00613761 -0.162305
-0.00198942 -0.16195
0.00213665 -0.161489
0.00623798 -0.160926
0.0103121 -0.160259
0.0143563 -0.159491
0.0183683 -0.158623
0.0223455 -0.157655
0.0262856 -0.15659
0.0301861 -0.155427
0.0340448 -0.154169
0.0378592 -0.152816
0.0416273 -0.151371
0.0453466 -0.149835
0.0490152 -0.148209
0.0526309 -0.146494
0.0561915 -0.144693
0.059695 -0.142807
0.0631395 -0.140838
0.0665231 -0.138788
0.0698438 -0.136658
0.0730999 -0.13445
0.0762896 -0.132166
0.0794111 -0.129809
0.0824627 -0.127379
0.085443 -0.12488
0.0883502 -0.122312
0.091183 -0.119679
0.0939399 -0.116982
0.0966194 -0.114223
0.0992203 -0.111405
0.101741 -0.108529
0.104181 -0.105599
0.106539 -0.102615
0.108813 -0.0995815
0.111003 -0.0964993
0.113108 -0.0933712
0.115126 -0.0901993
0.117058 -0.0869861
0.118901 -0.0837339
0.120656 -0.0804451
0.122322 -0.077122
0.123898 -0.073767
0.125384 -0.0703825
0.126779 -0.0669709
0.128083 -0.0635345
0.129295 -0.0600758
0.130415 -0.0565972
0.131444 -0.0531011
0.13238 -0.0495898
0.133224 -0.0460658
0.133975 -0.0425314
0.134635 -0.0389891
0.135202 -0.0354411
0.135677 -0.03189
0.13606 -0.0283379
0.136352 -0.0247874
0.136552 -0.0212405
0.136662 -0.0176998
0.136681 -0.0141675
0.13661 -0.0106458
0.13645 -0.00713705
0.136201 -0.00364342
0.135864 -0.000167147
0.13544 0.00328959
0.134929 0.00672463
0.134332 0.0101358
0.133651 0.0135211
0.132885 0.0168784
0.132037 0.0202056
0.131106 0.0235007
0.130095 0.0267617
0.129004 0.0299868
0.127834 0.0331739
0.126587 0.0363212
0.125263 0.0394268
0.123865 0.042489
0.122394 0.0455059
0.12085 0.0484759
0.119236 0.0513973
0.117552 0.0542683
0.115801 0.0570875
0.113983 0.0598533
0.112101 0.0625641
0.110156 0.0652184
0.108149 0.0678149
0.106083 0.0703522
0.103959 0.0728289
0.101778 0.0752437
0.0995429 0.0775955
0.0972549 0.079883
0.094916 0.082105
0.092528 0.0842606
0.0900926 0.0863486
