35.88919 1.702718
35.760853 2.4004006
35.615173 3.0926178
35.452343 3.7789452
35.272568 4.458966
35.07606 5.1322675
34.86305 5.7984467
34.63376 6.4571056
34.38844 7.107854
34.127335 7.750309
33.85071 8.384095
33.558838 9.008845
33.25199 9.624201
32.93046 10.229809
32.59454 10.825327
32.24453 11.410421
31.880737 11.984766
31.503483 12.548044
31.113089 13.099949
30.709887 13.640182
30.294214 14.168453
29.866415 14.6844845
29.426838 15.1880045
28.97584 15.678755
28.513777 16.156485
28.041021 16.620953
27.557941 17.071928
27.06491 17.509193
26.562313 17.932537
26.050531 18.341759
25.529953 18.736671
25.00097 19.117094
24.46398 19.48286
23.919378 19.833813
23.367567 20.169804
22.80895 20.490698
22.243933 20.79637
21.672922 21.086702
21.096325 21.361595
20.514555 21.62095
19.928022 21.864689
19.33714 22.09274
18.74232 22.305038
18.143974 22.501537
17.542519 22.682194
16.938364 22.846981
16.331924 22.99588
15.72361 23.128881
15.113831 23.245987
14.5029955 23.347214
13.891513 23.43258
13.279787 23.502123
12.668222 23.555885
12.057219 23.59392
11.447174 23.616291
10.838485 23.623074
10.231544 23.61435
9.626739 23.590214
9.024456 23.550768
8.4250765 23.496126
7.828977 23.426409
7.236532 23.341747
6.64811 23.242281
6.064074 23.12816
5.4847836 22.999544
4.910592 22.856596
4.3418484 22.699493
3.7788954 22.528418
3.22207 22.343561
2.6717038 22.14512
2.1281216 21.933306
1.5916424 21.708332
1.0625787 21.47042
0.541236 21.2198
0.027913272 20.95671
-0.4770975 20.68139
-0.97351146 20.394093
-1.461051 20.095072
-1.9394459 19.784594
-2.4084334 19.462923
-2.867759 19.130337
-3.3171747 18.787115
-3.7564416 18.433544
-4.1853285 18.069914
-4.603612 17.69652
-5.0110774 17.313665
-5.4075184 16.921652
-5.7927365 16.52079
-6.166542 16.111393
-6.5287538 15.693779
-6.8791995 15.268269
-7.2177157 14.835185
-7.5441465 14.394856
-7.8583465 13.947613
-8.160177 13.493788
-8.449512 13.033716
-8.72623 12.567736
-8.990221 12.096186
-9.241384 11.619408
-9.479625 11.137744
-9.704862 10.651539
-9.91702 10.161138
-10.1160345 9.666886
-10.301847 9.169131
-10.474413 8.66822
-10.633691 8.164498
-10.779653 7.6583133
-10.912276 7.150012
-11.031552 6.6399407
-11.137476 6.128444
-11.230054 5.6158667
-11.309299 5.102551
-11.375237 4.5888386
-11.427899 4.0750694
-11.467325 3.5615814
-11.493565 3.0487103
-11.506675 2.5367894
-11.5067215 2.0261497
-11.493776 1.5171199
-11.467923 1.0100248
-11.429253 0.50518703
-11.377862 0.0029255152
-11.313856 -0.49644434
-11.237349 -0.99261075
-11.14846 -1.4852657
-11.047319 -1.9741055
-10.934063 -2.4588304
-10.808833 -2.939145
-10.67178 -3.414759
-10.523059 -3.885386
-10.362835 -4.350745
-10.191278 -4.8105607
-10.008566 -5.2645617
-9.814881 -5.7124825
-9.610413 -6.154063
-9.395356 -6.58905
-9.169912 -7.0171933
-8.934288 -7.4382515
-8.688696 -7.851987
-8.433354 -8.258169
-8.168485 -8.656575
-7.8943152 -9.046987
-7.611079 -9.429192
-7.319014 -9.802985
-7.0183616 -10.168171
-6.7093673 -10.524556
-6.392282 -10.871957
-6.0673594 -11.210196
-5.734857 -11.539101
-5.395037 -11.85851
-5.048164 -12.168268
-4.6945047 -12.468225
-4.3343306 -12.758238
-3.967915 -13.038175
-3.5955343 -13.307907
-3.2174664 -13.567316
-2.833992 -13.816289
-2.4453936 -14.054721
-2.0519557 -14.282516
-1.653964 -14.499583
-1.251706 -14.705842
-0.84546983 -14.901217
-0.43554503 -15.085641
-0.022221804 -15.259055
0.39420903 -15.421409
0.81345636 -15.572657
1.2352287 -15.712762
1.6592346 -15.841696
2.0851831 -15.959437
2.512783 -16.065971
2.9417443 -16.161291
3.3717773 -16.2454
3.8025932 -16.318304
4.233905 -16.380018
4.665426 -16.430565
5.0968714 -16.469975
5.5279584 -16.498285
5.9584055 -16.51554
6.387934 -16.52179
6.8162665 -16.517096
7.243129 -16.501518
7.668248 -16.475132
8.091355 -16.438015
8.512183 -16.390251
8.930469 -16.331932
9.345951 -16.263157
9.758374 -16.184029
10.167482 -16.094658
10.573027 -15.995163
10.974761 -15.885664
11.372442 -15.766291
11.765833 -15.637177
12.154697 -15.498465
12.538807 -15.350297
12.917936 -15.192825
13.291863 -15.026206
13.660373 -14.8506
14.0232525 -14.666174
14.380295 -14.473098
14.731299 -14.271549
15.07607 -14.061707
15.414414 -13.843755
15.746148 -13.617884
16.071089 -13.384286
16.389063 -13.14316
16.6999 -12.894706
17.003435 -12.639127
17.299511 -12.376634
17.587975 -12.107436
17.868681 -11.831749
18.141489 -11.549791
18.406265 -11.261784
18.662878 -10.967949
18.911207 -10.668512
19.151136 -10.363704
19.382555 -10.053753
19.605358 -9.738893
19.819448 -9.419358
20.024736 -9.095386
20.221134 -8.767212
20.408564 -8.435078
20.586952 -8.099223
20.756235 -7.75989
20.916351 -7.417321
21.06725 -7.07176
21.20888 -6.7234507
21.341204 -6.372637
21.464186 -6.0195637
21.577799 -5.6644754
21.68202 -5.307617
21.776833 -4.9492335
21.862232 -4.5895686
21.938211 -4.2288656
22.004776 -3.8673675
22.061934 -3.5053163
22.109701 -3.1429532
22.1481 -2.7805178
22.177158 -2.4182491
22.196907 -2.056384
22.20739 -1.6951579
22.208649 -1.3348048
22.200737 -0.9755563
22.183712 -0.6176424
22.157637 -0.26129055
22.122578 0.09327391
22.07861 0.44582808
22.02581 0.79615164
21.964268 1.144027
21.89407 1.4892393
21.815311 1.8315768
21.728092 2.1708312
21.632519 2.5067966
21.5287 2.839271
21.41675 3.1680555
21.29679 3.492955
21.168941 3.8137782
21.033337 4.1303368
20.890106 4.442447
20.73939 4.7499294
20.581326 5.0526075
20.416061 5.35031
20.243744 5.642869
20.064528 5.930122
19.878569 6.21191
19.68603 6.488078
19.487072 6.758477
19.281862 7.022962
19.070574 7.281392
18.853376 7.5336323
18.630447 7.7795515
18.401966 8.019024
18.168114 8.251928
17.929075 8.478149
17.685034 8.6975765
17.436182 8.910104
17.182707 9.11563
16.924803 9.314059
16.662666 9.505302
16.396492 9.689274
16.126476 9.865893
15.852819 10.035088
15.575722 10.196786
15.295384 10.350925
15.012012 10.497447
14.725804 10.636298
14.436969 10.76743
14.145708 10.890801
13.852227 11.006374
13.556732 11.114117
13.259429 11.214002
12.960523 11.306009
12.660218 11.390122
12.358722 11.466331
12.056237 11.534629
11.75297 11.595017
11.449122 11.6475
11.144898 11.692088
10.8405 11.728796
10.536128 11.757645
10.231982 11.778659
9.928262 11.791871
9.625162 11.797315
9.322881 11.795031
9.021611 11.785065
8.721545 11.767467
8.4228735 11.74229
8.125785 11.709595
7.8304644 11.669445
7.5370975 11.621909
7.245865 11.56706
6.9569464 11.504976
6.6705184 11.435739
6.3867555 11.359432
6.105829 11.276149
5.827907 11.185982
5.5531554 11.089028
5.281737 10.985392
5.0138106 10.875177
4.7495337 10.758495
4.4890585 10.635458
4.232535 10.506183
3.980109 10.3707905
3.7319236 10.2294035
3.488118 10.082149
3.2488275 9.929156
3.0141838 9.770559
2.7843146 9.606494
2.559344 9.4370985
2.3393924 9.262514
2.1245759 9.082885
1.9150064 8.898358
1.7107922 8.709083
1.512037 8.515208
1.3188407 8.31689
1.1312989 8.114282
0.94950277 7.9075418
0.7735393 7.69683
0.6034912 7.482306
0.43943664 7.2641335
0.28144968 7.042475
0.12959978 6.8174973
-0.01604797 6.5893664
-0.15543292 6.35825
-0.28849888 6.124317
-0.41519415 5.887737
-0.53547144 5.6486797
-0.649288 5.407317
-0.7566056 5.1638207
-0.8573904 4.918362
-0.9516131 4.671114
-1.039249 4.422249
-1.1202775 4.1719394
-1.194683 3.9203587
-1.2624538 3.6676788
-1.323583 3.414072
-1.378068 3.1597102
-1.4259104 2.9047647
-1.4671164 2.6494062
-1.5016963 2.393805
-1.5296651 2.1381304
-1.5510416 1.882551
-1.5658491 1.6272337
-1.5741148 1.3723453
-1.5758705 1.1180507
-1.5711517 0.8645136
-1.5599982 0.6118962
-1.5424534 0.36035952
-1.5185653 0.11006256
-1.4883852 -0.13883716
-1.4519687 -0.38618398
-1.4093748 -0.63182414
-1.3606666 -0.87560594
-1.3059106 -1.1173797
-1.2451768 -1.3569977
-1.178539 -1.5943149
-1.1060745 -1.8291885
-1.0278636 -2.0614777
-0.94399023 -2.2910445
-0.85454154 -2.5177536
-0.75960785 -2.741472
-0.6592825 -2.9620695
-0.55366194 -3.1794193
-0.44284543 -3.3933966
-0.32693517 -3.60388
-0.20603609 -3.8107505
-0.08025585 -4.013893
0.050295316 -4.213196
0.18550467 -4.4085484
0.32525703 -4.5998454
0.46943492 -4.7869835
0.61791855 -4.9698634
0.770586 -5.1483893
0.9273134 -5.3224683
1.0879748 -5.4920115
1.2524424 -5.656933
1.4205863 -5.81715
1.5922757 -5.9725842
1.7673776 -6.123161
1.9457576 -6.268808
2.12728 -6.4094577
2.3118076 -6.5450463
2.4992025 -6.6755133
2.6893253 -6.8008013
2.8820353 -6.9208574
3.0771916 -7.035633
3.274652 -7.145082
3.4742737 -7.2491627
3.6759136 -7.3478365
3.8794274 -7.4410696
4.084671 -7.528832
4.2914996 -7.611096
4.4997687 -7.687839
4.709333 -7.759042
4.9200473 -7.824689
5.1317673 -7.884769
5.3443475 -7.939273
5.5576434 -7.988198
5.7715116 -8.031542
5.9858074 -8.069308
6.2003884 -8.101504
6.415111 -8.12814
6.629834 -8.14923
6.844416 -8.164791
7.0587177 -8.174844
7.2725987 -8.179414
7.4859214 -8.178528
7.6985483 -8.172218
7.910344 -8.16052
8.121174 -8.143471
8.330906 -8.121112
8.539407 -8.093489
8.746547 -8.060648
8.952198 -8.022642
9.156235 -7.9795246
9.35853 -7.931352
9.558962 -7.8781857
9.757409 -7.8200884
9.953753 -7.7571263
10.147876 -7.6893682
10.339663 -7.6168857
10.529 -7.5397525
10.715778 -7.4580464
10.899889 -7.3718467
11.081226 -7.281235
11.259686 -7.186297
11.435167 -7.087118
11.607573 -6.983788
11.776806 -6.8763986
11.942773 -6.7650423
12.105384 -6.6498156
12.26455 -6.5308156
12.420188 -6.408142
12.572214 -6.2818966
12.720549 -6.1521816
12.865115 -6.0191026
13.00584 -5.8827653
13.142654 -5.7432785
13.275488 -5.6007514
13.404277 -5.4552946
13.528959 -5.30702
13.649476 -5.156042
13.765773 -5.0024743
13.877795 -4.8464327
13.985496 -4.6880336
14.088826 -4.5273943
14.187745 -4.3646336
14.28221 -4.199869
14.372187 -4.0332217
14.45764 -3.8648112
14.53854 -3.694758
14.614859 -3.523183
14.686572 -3.3502078
14.753658 -3.1759539
14.816101 -3.000543
14.873884 -2.8240972
14.926996 -2.6467378
14.975429 -2.468587
15.0191765 -2.2897658
15.058237 -2.1103961
15.092612 -1.9305985
15.122305 -1.7504935
15.147322 -1.5702014
15.167673 -1.3898416
15.1833725 -1.2095331
15.194436 -1.029394
15.200882 -0.84954166
15.202732 -0.6700926
15.200011 -0.4911626
15.192747 -0.3128662
15.18097 -0.13531706
15.164714 0.04137242
15.144014 0.217091
15.11891 0.39172873
15.089442 0.56517696
15.0556555 0.7373284
15.017596 0.9080773
14.975312 1.0773194
14.928857 1.244952
14.878284 1.410874
14.82365 1.5749861
14.765014 1.7371907
14.7024355 1.8973919
14.63598 2.055496
14.565712 2.2114108
14.491699 2.3650463
14.414012 2.5163145
14.332722 2.6651292
14.247902 2.8114064
14.159628 2.9550645
14.067978 3.0960238
13.973032 3.2342072
13.87487 3.3695393
13.773575 3.5019472
13.66923 3.6313608
13.561923 3.7577116
13.45174 3.8809342
13.338771 4.000965
13.2231045 4.1177435
13.104832 4.2312117
12.984046 4.3413124
12.860841 4.4479938
12.73531 4.551204
12.60755 4.6508956
12.477656 4.7470226
12.345728 4.839542
12.211862 4.9284134
12.076157 5.013599
11.938713 5.0950637
11.79963 5.172775
11.65901 5.2467027
11.5169525 5.31682
11.37356 5.383103
11.228933 5.445529
11.083174 5.504079
10.936385 5.558736
10.78867 5.6094866
10.640128 5.6563196
10.490865 5.699226
10.34098 5.7381997
10.190577 5.773238
10.039757 5.80434
9.888621 5.8315067
9.737272 5.854743
9.585809 5.8740563
9.434332 5.8894553
9.282941 5.9009523
9.131735 5.908562
8.980812 5.9123015
8.830271 5.9121895
8.680207 5.9082484
8.530718 5.9005027
8.381896 5.888978
8.233837 5.873704
8.086634 5.8547115
7.9403777 5.8320346
7.79516 5.8057084
7.65107 5.775771
7.5081964 5.742263
7.3666253 5.705226
7.2264433 5.6647043
7.087734 5.6207447
6.950581 5.5733953
6.815065 5.522706
6.6812663 5.468729
6.5492625 5.4115186
6.4191303 5.351131
6.290945 5.2876234
6.1647797 5.221055
6.0407057 5.1514874
5.9187927 5.078983
5.799109 5.003606
5.6817203 4.9254217
5.5666904 4.844498
5.454082 4.760904
5.3439555 4.6747084
5.236369 4.5859833
5.131379 4.4948015
5.02904 4.401236
4.929404 4.3053627
4.8325205 4.207257
4.7384386 4.106996
4.647204 4.0046587
4.558861 3.900323
4.47345 3.794069
4.3910117 3.6859777
4.3115835 3.5761302
4.2352 3.4646087
4.161895 3.351496
4.091698 3.236875
4.0246387 3.12083
3.960743 3.0034451
3.9000347 2.8848052
3.842536 2.764995
3.7882664 2.6441002
3.7372434 2.5222063
3.6894822 2.3993988
3.6449957 2.2757638
3.6037948 2.151387
3.565888 2.0263546
3.5312812 1.9007522
3.499979 1.7746656
3.471983 1.6481805
3.4472928 1.5213821
3.4259062 1.3943557
3.4078183 1.2671858
3.3930225 1.139957
3.38151 1.0127531
3.3732696 0.88565767
3.3682883 0.7587535
3.366551 0.6321229
3.3680406 0.5058476
3.3727376 0.38000846
3.3806212 0.25468582
3.3916678 0.12995905
3.4058526 0.0059067234
3.4231484 -0.11739344
3.443526 -0.23986466
3.4669552 -0.36143118
3.493403 -0.48201823
3.5228348 -0.60155207
3.5552144 -0.71996015
3.5905042 -0.8371711
3.6286643 -0.9531145
3.6696534 -1.0677215
3.7134287 -1.1809242
3.7599459 -1.2926563
3.8091583 -1.4028525
3.861019 -1.5114491
3.9154785 -1.618384
3.9724865 -1.7235961
4.031991 -1.8270262
4.0939393 -1.9286164
4.158276 -2.0283103
4.224946 -2.1260529
4.293892 -2.2217913
4.365056 -2.3154736
4.4383793 -2.4070501
4.5138 -2.4964726
4.5912585 -2.5836942
4.670691 -2.6686704
4.752035 -2.7513576
4.835226 -2.8317146
4.9201984 -2.909702
5.0068865 -2.985282
5.095224 -3.058418
5.185143 -3.1290765
5.276576 -3.1972246
5.369454 -3.2628317
5.463708 -3.325869
5.5592685 -3.3863099
5.656065 -3.4441292
5.754027 -3.4993038
5.8530836 -3.5518124
5.9531636 -3.6016355
6.0541954 -3.6487553
6.156107 -3.6931565
6.2588267 -3.7348251
6.3622828 -3.773749
6.466402 -3.8099184
6.571113 -3.8433254
6.676344 -3.873963
6.782022 -3.9018276
6.8880754 -3.9269154
6.994433 -3.9492261
7.1010222 -3.9687612
7.2077723 -3.9855227
7.314612 -3.999516
7.4214706 -4.010747
7.528278 -4.0192246
7.634964 -4.0249586
7.7414594 -4.0279603
7.847695 -4.028244
7.953603 -4.025824
8.059115 -4.0207176
8.164165 -4.012943
8.268684 -4.0025206
8.37261 -3.9894722
8.475876 -3.973821
8.578417 -3.9555924
8.680171 -3.934813
8.781076 -3.9115102
8.88107 -3.885714
8.980092 -3.8574555
9.078083 -3.8267674
9.174985 -3.793683
9.270739 -3.758238
9.365289 -3.720469
9.45858 -3.6804137
9.550558 -3.6381116
9.6411705 -3.5936031
9.730364 -3.54693
9.818089 -3.498135
9.904296 -3.4472625
9.988937 -3.3943574
10.071966 -3.339466
10.153336 -3.2826357
10.233003 -3.2239146
10.310925 -3.1633523
10.387061 -3.1009986
10.46137 -3.0369048
10.533815 -2.971123
10.604358 -2.9037058
10.672963 -2.8347068
10.739596 -2.7641802
10.804226 -2.692181
10.866819 -2.6187649
10.927348 -2.543988
10.985784 -2.4679072
11.042099 -2.39058
11.09627 -2.312064
11.1482725 -2.2324176
11.198085 -2.1516995
11.245687 -2.069969
11.2910595 -1.9872854
11.334187 -1.9037083
11.375051 -1.8192978
11.413639 -1.7341142
11.449938 -1.6482176
11.483937 -1.5616685
11.515629 -1.4745276
11.545003 -1.3868552
11.572055 -1.2987124
11.596778 -1.2101593
11.61917 -1.1212566
11.639231 -1.0320647
11.65696 -0.94264376
11.672357 -0.85305405
11.685427 -0.76335526
11.696174 -0.6736069
11.704604 -0.58386827
11.710725 -0.49419823
11.714545 -0.40465534
11.716076 -0.31529775
11.715328 -0.22618309
11.712316 -0.13736853
11.707053 -0.048910767
11.699558 0.039134085
11.689847 0.12671053
11.677938 0.21376368
11.663853 0.3002393
11.647612 0.3860838
11.629237 0.47124436
11.608755 0.55566883
11.58619 0.63930595
11.561569 0.72210526
11.534919 0.80401707
11.5062685 0.8849925
11.475649 0.9649837
11.443091 1.0439436
11.4086275 1.1218263
11.372292 1.1985866
11.334117 1.2741804
11.29414 1.3485645
11.252398 1.4216971
11.208926 1.4935372
11.163764 1.5640447
11.116951 1.6331809
11.068527 1.7009083
11.018533 1.7671901
10.96701 1.8319911
10.914001 1.895277
10.8595495 1.9570148
10.8036995 2.0171726
10.746495 2.0757198
10.687982 2.1326275
10.628204 2.187867
10.567211 2.2414114
10.505049 2.2932353
10.441764 2.3433146
10.377404 2.391626
10.312019 2.4381475
10.245657 2.4828591
10.178367 2.5257416
10.110197 2.5667772
10.0412 2.6059492
9.971423 2.6432421
9.900918 2.6786425
9.829735 2.7121377
9.757923 2.7437162
9.685535 2.7733686
9.612621 2.8010857
9.539232 2.826861
9.465419 2.8506877
9.391232 2.8725615
9.316723 2.8924792
9.241942 2.9104385
9.166942 2.926439
9.09177 2.9404812
9.016478 2.9525666
8.941115 2.9626985
8.865734 2.9708812
8.790381 2.9771206
8.715108 2.9814234
8.639962 2.983798
8.564994 2.9842534
8.490251 2.9828002
8.415779 2.9794502
8.341628 2.9742165
8.267844 2.9671128
8.194474 2.9581547
8.121563 2.9473581
8.049156 2.934741
7.977299 2.9203217
7.9060354 2.90412
7.8354087 2.8861566
7.765462 2.8664532
7.696237 2.8450327
7.6277757 2.8219187
7.5601177 2.797136
7.493304 2.7707105
7.427373 2.7426684
7.3623633 2.7130375
7.298312 2.6818464
7.2352567 2.6491244
7.1732326 2.6149015
7.1122746 2.5792089
7.0524173 2.542078
6.9936934 2.5035415
6.936135 2.4636328
6.879773 2.4223857
6.8246384 2.3798351
6.7707596 2.3360162
6.718166 2.2909648
6.666884 2.2447178
6.6169405 2.197312
6.5683603 2.1487854
6.521168 2.099176
6.4753866 2.0485222
6.431038 1.996864
6.388143 1.9442402
6.3467226 1.8906913
6.306795 1.8362576
6.2683783 1.7809799
6.2314887 1.7248993
6.1961417 1.6680572
6.1623526 1.6104953
6.1301346 1.5522555
6.0994997 1.4933798
6.0704594 1.4339104
6.043023 1.3738899
6.0172 1.3133608
5.9929986 1.2523658
5.970425 1.1909475
5.949485 1.1291487
5.930183 1.0670121
5.912523 1.0045805
5.8965063 0.94189656
5.882135 0.8790029
5.8694086 0.81594217
5.858327 0.75275654
5.8488874 0.68948835
5.841087 0.6261796
5.834922 0.5628721
5.8303866 0.49960747
5.827475 0.43642706
5.82618 0.37337184
5.8264933 0.31048262
5.8284054 0.24779974
5.831906 0.18536323
5.8369837 0.123212725
5.8436265 0.061387435
5.851821 -7.3835254E-5
5.861553 -0.061132774
5.872808 -0.12175155
5.885569 -0.18189278
5.8998203 -0.24151966
5.915543 -0.30059594
5.9327188 -0.35908592
5.9513288 -0.41695443
5.971352 -0.474167
5.9927673 -0.53068966
6.0155535 -0.58648926
6.0396867 -0.64153326
6.065144 -0.6957897
6.091902 -0.7492274
6.119934 -0.80181587
6.1492157 -0.8535253
6.179721 -0.9043267
6.211422 -0.95419174
6.2442913 -1.0030932
6.2783012 -1.0510042
6.3134227 -1.097899
6.349626 -1.1437522
6.386882 -1.18854
6.425159 -1.2322387
6.464427 -1.2748257
6.5046544 -1.3162796
6.5458097 -1.3565794
6.5878606 -1.3957051
6.630774 -1.4336377
6.674517 -1.4703591
6.7190566 -1.5058516
6.764358 -1.5400993
6.8103876 -1.5730865
6.8571115 -1.6047987
6.904495 -1.6352222
6.9525023 -1.6643444
7.0010996 -1.6921535
7.0502505 -1.7186387
7.0999203 -1.7437898
7.150073 -1.7675982
7.2006736 -1.7900558
7.2516856 -1.8111551
7.3030734 -1.8308902
7.354801 -1.8492558
7.406833 -1.8662477
7.459133 -1.8818622
7.5116653 -1.8960972
7.5643945 -1.9089508
7.617284 -1.9204224
7.670298 -1.9305125
7.723402 -1.9392223
7.77656 -1.9465537
7.829736 -1.9525096
7.8828964 -1.957094
7.936006 -1.9603114
7.9890294 -1.9621679
8.041933 -1.9626696
8.094683 -1.961824
8.147244 -1.9596391
8.199584 -1.9561241
8.251669 -1.9512886
8.303467 -1.9451435
8.354946 -1.9377
8.406073 -1.9289705
8.456816 -1.9189678
8.507144 -1.9077058
8.557028 -1.8951992
8.606436 -1.881463
8.655339 -1.8665133
8.703708 -1.8503666
8.751513 -1.8330406
8.798726 -1.814553
8.845321 -1.7949226
8.891269 -1.7741688
8.936543 -1.7523117
8.98112 -1.7293719
9.024972 -1.7053704
9.068075 -1.6803291
9.110406 -1.6542702
9.15194 -1.6272167
9.192655 -1.5991919
9.232529 -1.57022
9.27154 -1.540325
9.309667 -1.509532
9.34689 -1.4778662
9.38319 -1.4453533
9.418549 -1.4120195
9.452948 -1.3778914
9.48637 -1.3429959
9.5188 -1.3073602
9.5502205 -1.2710121
9.580618 -1.2339793
9.609977 -1.19629
9.638284 -1.1579727
9.665527 -1.1190562
9.691694 -1.0795695
9.716775 -1.0395416
9.740758 -0.9990021
9.763635 -0.9579803
9.785396 -0.91650593
9.806032 -0.87460893
9.825539 -0.83231896
9.843907 -0.7896663
9.861133 -0.74668086
9.87721 -0.7033928
9.892136 -0.65983236
9.905907 -0.6160296
9.918519 -0.5720147
9.929973 -0.5278178
9.940266 -0.48346892
9.949398 -0.43899813
9.957371 -0.3944353
9.964184 -0.3498102
9.969841 -0.30515262
9.974344 -0.26049197
9.977696 -0.21585763
9.979903 -0.1712788
9.980969 -0.12678447
9.9809 -0.08240339
9.979701 -0.03816408
9.977381 0.005905196
9.973947 0.04977645
9.969407 0.093421936
9.963772 0.13681427
9.957051 0.17992637
9.949255 0.22273152
9.940394 0.2652033
9.930481 0.3073157
9.919527 0.3490431
9.907546 0.3903602
9.894552 0.4312422
9.88056 0.4716647
9.865583 0.5116037
9.849638 0.55103576
9.832739 0.5899378
9.814904 0.62828726
9.79615 0.666062
9.776494 0.7032405
9.755954 0.7398017
9.734549 0.77572507
9.712297 0.8109906
9.689219 0.8455788
9.665335 0.8794708
9.640663 0.9126484
9.615226 0.9450937
9.589043 0.97678953
9.562136 1.0077193
9.534527 1.037867
9.506238 1.0672172
9.477292 1.0957553
9.447711 1.1234671
9.417519 1.1503389
9.386738 1.1763579
9.355392 1.2015117
9.323505 1.2257888
9.291102 1.2491783
9.258206 1.2716697
9.224842 1.2932533
9.191033 1.3139201
9.156806 1.3336616
9.122184 1.3524699
9.0871935 1.3703384
9.051858 1.3872603
9.016204 1.4032301
8.980256 1.4182422
8.944039 1.4322926
8.907579 1.4453775
8.870902 1.4574935
8.834032 1.4686384
8.796995 1.4788103
8.759815 1.4880078
8.722519 1.4962304
8.685132 1.5034784
8.647677 1.5097524
8.610182 1.5150537
8.57267 1.5193845
8.535166 1.5227475
8.497694 1.5251459
8.46028 1.5265833
8.422948 1.5270644
8.385721 1.5265944
8.348624 1.5251789
8.31168 1.522824
8.274912 1.519537
8.238343 1.5153248
8.201997 1.5101957
8.165895 1.5041583
8.130062 1.4972215
8.094518 1.4893949
8.059285 1.4806889
8.0243845 1.4711142
7.9898386 1.4606817
7.9556665 1.4494034
7.9218893 1.4372914
7.888527 1.4243581
7.8555984 1.410617
7.8231235 1.3960817
7.7911205 1.3807662
7.7596087 1.3646847
7.728605 1.3478522
7.698127 1.3302844
7.6681924 1.3119966
7.6388173 1.2930051
7.610018 1.2733262
7.58181 1.2529767
7.5542088 1.2319738
7.527229 1.2103349
7.500885 1.188078
7.47519 1.1652212
7.450158 1.1417828
7.425801 1.1177816
7.402131 1.0932366
7.3791604 1.0681667
7.3568997 1.0425917
7.33536 1.016531
7.3145514 0.99000454
7.2944827 0.9630325
7.2751637 0.935635
7.256603 0.9078324
7.2388077 0.87964535
7.221786 0.8510946
7.205544 0.8222009
7.1900883 0.79298514
7.1754246 0.7634684
7.161558 0.73367167
7.1484933 0.7036162
7.1362343 0.6733233
7.1247845 0.642814
7.1141467 0.61210966
7.104324 0.5812316
7.0953174 0.550201
7.0871286 0.5190392
7.0797586 0.48776743
7.0732074 0.4564068
7.0674744 0.42497844
7.062559 0.39350337
7.05846 0.36200255
7.0551753 0.33049682
7.052702 0.2990069
7.051038 0.26755342
7.050179 0.23615684
7.0501213 0.20483743
7.050861 0.17361535
7.0523925 0.14251058
7.0547104 0.111542895
7.0578084 0.08073186
7.061681 0.05009681
7.06632 0.019656911
7.071719 -0.010568947
7.0778704 -0.040562123
7.084765 -0.0703042
7.092395 -0.09977706
7.10075 -0.12896287
7.1098213 -0.15784407
7.119599 -0.1864034
7.1300716 -0.2146239
7.1412296 -0.24248897
7.153061 -0.26998228
7.1655545 -0.2970879
7.178698 -0.3237902
7.1924796 -0.3500739
7.2068863 -0.37592417
7.221905 -0.40132636
7.2375226 -0.4262663
7.2537255 -0.45073038
7.2704997 -0.47470507
7.287831 -0.4981774
7.305704 -0.52113485
7.3241053 -0.54356515
7.3430185 -0.5654566
7.362429 -0.5867979
7.382322 -0.6075781
7.4026804 -0.6277867
7.4234886 -0.6474137
7.4447308 -0.66644937
7.4663897 -0.68488467
7.4884496 -0.7027108
7.5108933 -0.7199195
7.5337043 -0.736503
7.556865 -0.7524539
7.5803585 -0.76776534
7.604167 -0.7824308
7.628274 -0.79644436
7.652661 -0.8098005
7.677311 -0.8224941
7.702206 -0.8345205
7.727329 -0.84587586
7.7526608 -0.8565562
7.7781844 -0.8665583
7.803882 -0.8758797
7.8297358 -0.884518
7.8557277 -0.8924714
7.8818398 -0.89973843
7.908055 -0.9063183
7.9343543 -0.9122106
7.9607205 -0.9174152
7.9871364 -0.9219327
8.013584 -0.92576396
8.040046 -0.92891026
8.066504 -0.93137354
8.092941 -0.93315595
8.11934 -0.93426037
8.145684 -0.9346896
8.171956 -0.93444735
8.198139 -0.93353754
8.224216 -0.9319645
8.250172 -0.92973304
8.275988 -0.92684835
8.301649 -0.92331606
8.32714 -0.91914207
8.352444 -0.91433287
8.377545 -0.90889513
8.40243 -0.902836
8.427081 -0.896163
8.451486 -0.8888838
8.475627 -0.88100696
8.499492 -0.8725407
8.523066 -0.8634941
8.546335 -0.85387623
8.569287 -0.8436968
8.5919075 -0.83296555
8.614184 -0.82169276
8.636104 -0.80988896
8.657653 -0.7975646
8.678822 -0.78473103
8.699596 -0.7713995
8.719967 -0.7575815
8.739922 -0.7432889
8.75945 -0.72853374
8.778541 -0.71332836
8.797185 -0.69768536
8.815372 -0.6816174
8.833095 -0.6651374
8.850341 -0.64825857
8.867104 -0.63099426
8.883373 -0.613358
8.899144 -0.5953635
8.914407 -0.5770246
8.929155 -0.5583552
8.943382 -0.5393696
8.957081 -0.52008194
8.970246 -0.50050664
8.982872 -0.4806581
8.994952 -0.46055108
9.006484 -0.44020015
9.017461 -0.41962013
9.02788 -0.39882573
9.037737 -0.37783194
9.047029 -0.35665357
9.055752 -0.33530566
9.063905 -0.31380314
9.071485 -0.29216105
9.07849 -0.27039444
9.084921 -0.24851827
9.090775 -0.22654752
9.096051 -0.20449716
9.10075 -0.18238214
9.104872 -0.16021731
9.108417 -0.13801757
9.111384 -0.11579767
9.113778 -0.09357236
9.115599 -0.07135628
9.116848 -0.049163982
9.117529 -0.027009904
9.117644 -0.004908383
9.117198 0.017126352
9.116192 0.039080217
9.114631 0.060939252
9.112518 0.08268963
9.109859 0.104317635
9.106658 0.12580979
9.102921 0.1471527
9.098652 0.16833322
9.093859 0.18933833
9.088545 0.21015525
9.082719 0.23077133
9.076386 0.25117418
9.069555 0.27135158
9.062233 0.29129153
9.054426 0.31098235
9.046144 0.33041245
9.037392 0.34957054
9.02818 0.36844558
9.018518 0.38702673
9.008414 0.40530348
8.997877 0.42326555
8.986917 0.4409029
8.975541 0.45820576
8.963762 0.4751647
8.951589 0.4917705
8.939031 0.50801426
8.926099 0.5238873
8.912805 0.53938127
8.899158 0.5544882
8.885169 0.5692003
8.8708515 0.58351016
8.856215 0.5974107
8.8412695 0.610895
8.82603 0.62395656
8.810505 0.6365892
8.794708 0.64878714
8.778651 0.66054475
8.762345 0.67185676
8.745804 0.6827183
8.729038 0.6931248
8.71206 0.70307195
8.694882 0.7125558
8.677518 0.7215728
8.659978 0.73011965
8.642276 0.73819333
8.624425 0.74579126
8.606437 0.75291103
8.588325 0.7595508
8.570101 0.76570886
8.551778 0.7713839
8.533368 0.7765749
8.514884 0.78128123
8.496339 0.7855025
8.477745 0.7892387
8.459114 0.7924901
8.44046 0.79525733
8.421795 0.79754126
8.40313 0.79934317
8.384478 0.80066454
8.365851 0.8015073
8.347261 0.80187356
8.328721 0.80176574
8.310242 0.8011866
8.291836 0.8001393
8.273515 0.798627
8.25529 0.79665345
8.237173 0.7942225
8.219174 0.7913383
8.201306 0.7880054
8.183579 0.78422844
8.166004 0.7800124
8.148592 0.7753626
8.131353 0.77028453
8.114298 0.764784
8.097436 0.75886685
8.080778 0.75253946
8.064333 0.74580824
8.048112 0.73868
8.032123 0.7311616
8.016376 0.72326016
8.000879 0.71498305
7.985642 0.7063378
7.970673 0.6973322
7.9559803 0.6879742
7.9415717 0.678272
7.927456 0.6682339
7.9136395 0.6578683
7.9001303 0.647184
7.8869357 0.6361897
7.8740625 0.62489444
7.861517 0.61330736
7.849306 0.6014377
7.8374357 0.5892948
7.8259115 0.57688826
7.8147397 0.5642277
7.803925 0.5513228
7.7934723 0.53818357
7.7833867 0.5248199
7.773673 0.5112418
7.7643356 0.49745947
7.7553782 0.48348305
7.7468047 0.46932283
7.7386184 0.4549892
7.7308226 0.4404925
7.72342 0.42584327
7.716414 0.41105193
7.709806 0.396129
7.7035985 0.38108504
7.697793 0.36593065
7.6923914 0.35067636
7.687395 0.33533275
7.6828046 0.31991047
7.678621 0.30442005
7.6748443 0.28887206
7.6714754 0.27327707
7.668514 0.25764558
7.6659594 0.24198803
7.663811 0.22631492
7.6620684 0.21063659
7.6607304 0.19496338
7.659795 0.17930558
7.6592607 0.16367337
7.659126 0.14807689
7.659388 0.13252617
7.660045 0.11703117
7.661094 0.10160177
7.662533 0.08624773
7.664357 0.070978716
7.666564 0.055804282
7.6691504 0.04073386
7.672112 0.025776759
7.6754446 0.010942176
7.679144 -0.0037608296
7.683206 -0.018323347
7.6876254 -0.032736585
7.692397 -0.046991944
7.697517 -0.061080948
7.7029786 -0.074995264
7.7087774 -0.088726774
7.714907 -0.10226743
7.721362 -0.11560945
7.728136 -0.12874518
7.7352223 -0.14166714
7.7426157 -0.15436809
7.7503085 -0.16684087
7.7582946 -0.17907862
7.7665668 -0.1910746
7.775118 -0.20282231
7.783941 -0.21431546
7.793028 -0.2255479
7.8023725 -0.23651373
7.8119664 -0.24720727
7.821802 -0.25762302
7.831872 -0.2677557
7.8421674 -0.27760023
7.852681 -0.2871518
7.8634048 -0.29640582
7.87433 -0.30535787
7.885448 -0.31400377
7.8967514 -0.32233953
7.908231 -0.33036146
7.919878 -0.33806604
7.9316845 -0.34544998
7.9436417 -0.35251036
7.955741 -0.3592443
7.967973 -0.3656492
7.98033 -0.3717227
7.992802 -0.3774627
8.005382 -0.38286734
8.018058 -0.38793486
8.030824 -0.39266402
8.04367 -0.39705348
8.056586 -0.4011023
8.069565 -0.4048098
8.082597 -0.4081754
8.095674 -0.41119888
8.108786 -0.41388017
8.121925 -0.4162194
8.135082 -0.418217
8.14825 -0.4198736
8.161417 -0.42119002
8.174577 -0.42216736
8.187719 -0.42280686
8.200837 -0.42311
8.213921 -0.42307845
8.226962 -0.4227142
8.239954 -0.42201933
8.252887 -0.4209962
8.265753 -0.41964722
8.278543 -0.41797525
8.291251 -0.4159832
8.303868 -0.41367415
8.316386 -0.4110514
8.328799 -0.4081185
8.341098 -0.40487903
8.353275 -0.40133694
8.365324 -0.39749628
8.377237 -0.39336127
8.3890085 -0.3889362
8.40063 -0.38422564
8.412094 -0.37923428
8.423395 -0.37396705
8.434526 -0.368429
8.445482 -0.36262524
8.456256 -0.35656106
8.466841 -0.3502419
8.477231 -0.34367344
8.487422 -0.33686137
8.497408 -0.3298116
8.507182 -0.32253003
8.516741 -0.31502277
8.526078 -0.307296
8.53519 -0.29935613
8.54407 -0.29120946
8.552716 -0.28286263
8.561122 -0.27432215
8.5692835 -0.26559478
8.577198 -0.25668734
8.584861 -0.24760666
8.592269 -0.23835969
8.599418 -0.2289534
8.606305 -0.21939497
8.612927 -0.20969148
8.619282 -0.19985014
8.625366 -0.18987817
8.631178 -0.17978288
8.636715 -0.1695716
8.6419735 -0.15925168
8.646954 -0.14883055
8.651653 -0.1383156
8.65607 -0.12771428
8.660203 -0.11703403
8.664052 -0.10628234
8.667615 -0.09546664
8.670891 -0.08459441
8.67388 -0.073673174
8.676582 -0.062710345
8.678998 -0.051713318
8.681126 -0.040689528
8.682966 -0.029646397
8.68452 -0.018591285
8.685787 -0.0075315237
8.6867695 0.003525585
8.687468 0.014572814
8.687882 0.025602952
8.688015 0.036608845
8.687867 0.047583386
8.687441 0.058519557
8.686738 0.06941038
8.68576 0.08024897
8.684508 0.09102848
8.682987 0.10174216
8.681198 0.11238335
8.679144 0.122945465
8.676827 0.133422
8.6742525 0.14380656
8.671421 0.15409285
8.668338 0.16427468
8.665005 0.17434594
8.661426 0.18430065
8.657605 0.19413291
8.653546 0.20383698
8.649254 0.21340716
8.644731 0.22283795
8.639982 0.23212394
8.635013 0.24125984
8.629826 0.2502405
8.624427 0.2590609
8.618821 0.2677161
8.613013 0.27620143
8.607007 0.28451222
8.600809 0.29264402
8.594423 0.3005925
8.587855 0.30835348
8.581111 0.3159229
8.574195 0.32329684
8.567113 0.33047158
8.559872 0.33744353
8.552476 0.3442093
8.54493 0.35076562
8.537242 0.35710928
8.529416 0.36323732
8.52146 0.369147
8.513378 0.3748356
8.505177 0.3803007
8.496863 0.38553992
8.488442 0.39055112
8.47992 0.3953323
8.471304 0.3998816
8.462599 0.40419737
8.453811 0.40827805
8.444946 0.4121223
8.436013 0.415729
8.427016 0.419097
8.417962 0.42222553
8.408856 0.42511386
8.399706 0.42776144
8.390517 0.43016788
8.381296 0.432333
8.372049 0.43425667
8.3627825 0.4359391
8.353503 0.4373805
8.344215 0.43858126
8.334927 0.43954197
8.325643 0.44026333
8.316369 0.44074628
8.307113 0.4409918
8.29788 0.44100106
8.288675 0.44077545
8.279507 0.44031638
8.270378 0.4396255
8.261295 0.43870458
8.252265 0.43755552
8.243292 0.43618035
8.234383 0.43458128
8.225542 0.4327606
8.216775 0.43072078
8.208088 0.42846435
8.199486 0.42599407
8.190974 0.42331272
8.182557 0.42042333
8.17424 0.41732895
8.166028 0.41403276
8.157926 0.41053802
8.149938 0.4068482
8.142069 0.40296683
8.134324 0.39889753
8.126707 0.39464402
8.119222 0.3902102
8.111873 0.38559997
8.104664 0.3808173
8.0976 0.37586632
8.090685 0.37075126
8.083921 0.36547643
8.077313 0.3600462
8.070865 0.354465
8.064578 0.34873736
8.058457 0.34286785
8.052505 0.33686116
8.046723 0.330722
8.041117 0.3244551
8.0356865 0.3180654
8.0304365 0.3115577
8.025369 0.30493698
8.020486 0.29820824
8.015789 0.29137647
8.011281 0.28444678
8.006963 0.27742428
8.002837 0.2703141
7.9989057 0.26312137
7.9951696 0.25585133
7.9916306 0.24850917
7.988289 0.24110015
7.985146 0.23362948
7.9822035 0.22610244
7.979462 0.21852428
7.976922 0.21090028
7.974584 0.20323572
7.972448 0.19553587
7.9705143 0.18780597
7.968784 0.18005125
7.967256 0.17227699
7.965931 0.16448838
7.964808 0.15669061
7.963887 0.14888889
7.9631677 0.14108835
7.962649 0.13329412
7.96233 0.12551127
7.9622097 0.11774486
7.9622874 0.1099999
7.962562 0.10228134
7.9630322 0.09459411
7.9636965 0.0869431
7.9645534 0.07933312
7.965601 0.071768954
7.966838 0.06425528
7.9682617 0.056796774
7.969871 0.049398035
7.9716635 0.042063564
7.9736366 0.034797832
7.975788 0.02760519
7.978116 0.020489976
7.980618 0.013456419
7.9832907 0.006508708
7.986132 -3.491044E-4
7.989139 -0.007112995
7.992308 -0.013779044
7.995637 -0.020343453
7.999122 -0.02680248
8.002761 -0.033152476
8.00655 -0.03938988
8.010486 -0.045511216
8.0145645 -0.05151312
8.018784 -0.05739233
8.023138 -0.06314565
8.027625 -0.06877008
8.032241 -0.074262604
8.036983 -0.07962039
8.041845 -0.08484067
8.046825 -0.089920744
8.05192 -0.094858125
8.057123 -0.09965032
8.062432 -0.10429503
8.0678425 -0.10879004
8.07335 -0.11313325
8.078951 -0.11732265
8.08464 -0.12135637
8.090414 -0.12523264
8.096268 -0.12894979
8.102199 -0.1325063
8.1082 -0.1359007
8.11427 -0.13913174
8.120403 -0.14219818
8.126595 -0.14509892
8.13284 -0.14783302
8.139135 -0.15039963
8.145476 -0.15279798
8.151858 -0.15502745
8.158277 -0.15708755
8.164727 -0.15897787
8.171206 -0.16069813
8.177708 -0.16224813
8.184229 -0.16362786
8.190764 -0.16483735
8.19731 -0.16587678
8.203862 -0.16674642
8.210415 -0.16744664
8.216965 -0.16797797
8.223508 -0.168341
8.230039 -0.16853641
8.236555 -0.16856506
8.243051 -0.16842787
8.249523 -0.16812588
8.255967 -0.16766019
8.262379 -0.16703203
8.268754 -0.16624278
8.275089 -0.16529383
8.281381 -0.1641867
8.287624 -0.16292302
8.293816 -0.16150448
8.299952 -0.15993291
8.306027 -0.15821023
8.31204 -0.15633841
8.3179865 -0.15431952
8.323863 -0.15215577
8.329666 -0.14984936
8.335392 -0.14740258
8.341038 -0.14481787
8.3466 -0.14209768
8.352075 -0.13924457
8.35746 -0.13626121
8.362753 -0.13315026
8.36795 -0.12991448
8.373048 -0.1265567
8.378045 -0.12307981
8.382937 -0.119486794
8.387723 -0.11578064
8.392399 -0.11196442
8.396964 -0.108041316
8.401414 -0.10401444
8.405747 -0.09988707
8.409962 -0.095662475
8.414056 -0.091344
8.418027 -0.08693501
8.421874 -0.0824389
8.425594 -0.07785912
8.429187 -0.07319915
8.432649 -0.068462476
8.435979 -0.06365268
8.439177 -0.05877334
8.442241 -0.053828046
8.445169 -0.048820406
8.447961 -0.04375407
8.450615 -0.038632706
8.45313 -0.033459976
8.455505 -0.028239593
8.457741 -0.022975236
8.459835 -0.017670617
8.461788 -0.012329459
8.463599 -0.0069554597
8.465267 -0.0015523583
8.466793 0.0038761497
8.468176 0.009326339
8.469416 0.014794514
8.470512 0.020276979
8.471466 0.025770038
8.472278 0.031270042
8.472946 0.03677334
8.473473 0.04227628
8.473857 0.04777527
8.474101 0.053266674
8.474204 0.05874698
8.474168 0.06421262
8.473992 0.06966008
8.47368 0.07508589
8.473229 0.08048664
8.472643 0.0858589
8.471922 0.09119929
8.471067 0.0965045
8.47008 0.10177124
8.468963 0.10699626
8.467715 0.11217636
8.46634 0.11730838
8.464839 0.12238923
8.463213 0.12741587
8.461464 0.13238528
8.459595 0.13729453
8.457606 0.14214075
8.455501 0.14692108
8.45328 0.15163279
8.450947 0.15627316
8.448503 0.16083951
8.4459505 0.16532929
8.443292 0.16973998
8.440529 0.1740691
8.437665 0.1783143
8.434703 0.18247324
8.431644 0.18654373
8.428492 0.19052356
8.425247 0.19441065
8.421914 0.19820294
8.418495 0.20189847
8.414992 0.20549537
8.411409 0.20899181
8.407749 0.21238609
8.404015 0.21567655
8.4002075 0.21886162
8.396332 0.2219398
8.39239 0.22490968
8.388386 0.22776991
8.38432 0.23051926
8.380198 0.23315652
8.376021 0.23568058
8.371794 0.23809044
8.367518 0.24038514
8.363198 0.24256386
8.358836 0.24462579
8.354436 0.24657027
8.349999 0.24839668
8.3455305 0.25010446
8.341033 0.2516932
8.336508 0.25316247
8.33196 0.254512
8.327392 0.2557416
8.322807 0.2568511
8.31821 0.25784045
8.313601 0.25870976
8.308984 0.25945908
8.304362 0.26008856
8.29974 0.26059854
8.295119 0.2609893
8.290503 0.26126128
8.285894 0.26141497
8.281297 0.26145095
8.276712 0.26136982
8.272144 0.26117235
8.267595 0.2608593
8.263069 0.26043153
8.258568 0.25988993
8.254095 0.25923556
8.249653 0.25846946
8.245244 0.2575928
8.240871 0.25660673
8.236538 0.25551254
8.232245 0.25431156
8.227997 0.25300515
8.223795 0.25159478
8.219643 0.25008202
8.215542 0.24846837
8.211495 0.24675548
8.207505 0.24494508
8.203573 0.24303888
8.199702 0.24103867
8.195894 0.23894629
8.192152 0.23676364
8.188477 0.23449267
8.184871 0.23213539
8.181336 0.2296938
8.1778755 0.22717
8.174489 0.22456613
8.17118 0.22188433
8.167949 0.21912679
8.164799 0.21629576
8.16173 0.21339354
8.158746 0.21042238
8.155846 0.20738469
8.153032 0.2042828
8.150307 0.20111914
8.14767 0.19789612
8.1451235 0.1946162
8.142669 0.19128184
8.140307 0.18789555
8.138039 0.18445988
8.135865 0.18097733
8.133786 0.17745048
8.131804 0.17388186
8.12992 0.1702741
8.128133 0.16662976
8.126444 0.16295147
8.124853 0.15924181
8.123363 0.15550339
8.121971 0.15173884
8.12068 0.14795077
8.119489 0.1441418
8.118399 0.14031453
8.11741 0.13647163
8.116522 0.13261569
8.115734 0.12874931
8.115048 0.1248751
8.114463 0.12099567
8.113977 0.117113575
8.113592 0.113231376
8.113308 0.109351635
8.113123 0.105476886
8.113036 0.10160967
8.1130495 0.09775243
8.11316 0.0939077
8.113368 0.090077914
8.113673 0.0862655
8.114075 0.082472876
8.114571 0.07870242
8.115162 0.07495649
8.115847 0.071237415
8.116623 0.067547485
8.117491 0.06388895
8.118449 0.06026402
8.119496 0.056674898
8.120631 0.053123742
8.121853 0.049612656
8.12316 0.046143726
8.124552 0.042719007
8.126026 0.03934048
8.127583 0.036010116
8.129217 0.03272985
8.130931 0.029501513
8.132721 0.02632697
8.134587 0.023207977
8.136526 0.020146295
8.138537 0.017143592
8.140618 0.014201522
8.142767 0.011321679
8.144982 0.008505568
8.147263 0.0057546943
8.149605 0.0030705184
8.152009 4.543811E-4
8.154472 -0.0020923465
8.156993 -0.004568368
8.159568 -0.006972462
8.162196 -0.0093034655
8.164875 -0.011560261
8.167603 -0.013741791
8.170378 -0.015847057
8.173198 -0.017875075
8.176061 -0.019824967
8.178964 -0.021695867
8.181906 -0.023487031
8.184883 -0.0251977
8.187895 -0.026827231
8.190939 -0.028375015
8.194013 -0.02984047
8.197114 -0.031223103
8.200241 -0.032522485
8.20339 -0.03373821
8.206561 -0.034870014
8.20975 -0.035917565
8.212956 -0.0368807
8.216177 -0.03775923
8.219409 -0.03855306
8.2226515 -0.039262176
8.225902 -0.03988655
8.229157 -0.040426284
8.232417 -0.040881485
8.235678 -0.041252345
8.238937 -0.041539088
8.242194 -0.041741997
8.245445 -0.04186143
8.248691 -0.041897774
8.251926 -0.04185143
8.25515 -0.041722924
8.258361 -0.041512832
8.261556 -0.041221723
8.264733 -0.040850237
8.267892 -0.04039912
8.2710285 -0.03986904
8.274141 -0.039260864
8.277229 -0.038575426
8.280291 -0.03781359
8.283322 -0.036976278
8.286323 -0.036064476
8.28929 -0.03507924
8.292225 -0.034021616
8.295122 -0.032892674
8.297981 -0.031693593
8.300801 -0.030425563
8.303581 -0.029089794
8.306317 -0.02768752
8.309009 -0.026220068
8.311654 -0.024688765
8.314254 -0.023095012
8.316804 -0.021440148
8.319304 -0.01972562
8.321753 -0.017952904
8.324148 -0.016123489
8.326489 -0.014238924
8.328776 -0.012300745
8.331006 -0.010310501
8.3331785 -0.008269802
8.335292 -0.0061802715
8.337345 -0.004043579
8.339338 -0.0018613935
8.3412695 3.646016E-4
8.343138 0.0026327074
8.344943 0.0049411952
8.3466835 0.007288322
8.348359 0.009672314
8.349968 0.012091398
8.35151 0.014543787
8.352985 0.017027676
8.354393 0.019541249
8.355732 0.022082701
8.357002 0.024650201
8.358203 0.02724193
8.359334 0.029856026
8.360395 0.03249064
8.361385 0.03514394
8.362306 0.03781405
8.363154 0.040499166
8.363933 0.04319741
8.36464 0.045906916
8.365275 0.048625886
8.36584 0.051352426
8.366333 0.054084733
8.3667555 0.056820974
8.367106 0.059559315
8.367387 0.062297955
8.367597 0.06503509
8.367737 0.06776893
8.367806 0.07049771
8.367806 0.07321964
8.367738 0.075932994
8.3675995 0.078636035
8.3673935 0.081327036
8.36712 0.0840043
8.366778 0.08666617
8.36637 0.08931095
8.365897 0.091937006
8.365358 0.09454275
8.364755 0.097126566
8.364087 0.09968687
8.363357 0.10222212
8.362564 0.1047308
8.36171 0.1072114
8.360795 0.109662436
8.359821 0.11208248
8.3587885 0.11447011
8.357699 0.116823934
8.356553 0.11914264
8.355351 0.12142486
8.354095 0.12366933
8.352786 0.12587474
8.351425 0.1280399
8.350014 0.13016361
8.348553 0.1322447
8.347043 0.13428208
8.345487 0.13627464
8.343884 0.13822131
8.342237 0.14012109
8.340547 0.14197296
8.338815 0.14377597
8.337043 0.14552926
8.335232 0.14723194
8.333384 0.14888316
8.331499 0.15048218
8.329579 0.1520282
