35.88919 1.702718
35.732662 2.6103227
35.553543 3.5110824
35.352074 4.404444
35.128513 5.2898626
34.883133 6.1668015
34.61622 7.0347314
34.328068 7.8931336
34.01899 8.741498
33.689304 9.579324
33.339348 10.40612
32.969463 11.221406
32.580006 12.02471
32.17134 12.815573
31.743847 13.593545
31.29791 14.358189
30.83393 15.1090765
30.352308 15.845792
29.853466 16.567932
29.337828 17.275103
28.805826 17.966927
28.257904 18.643036
27.694511 19.303072
27.116106 19.946695
26.52315 20.573574
25.916119 21.183392
25.295488 21.775843
24.661745 22.350637
24.015377 22.907497
23.356884 23.44616
22.686764 23.96637
22.005526 24.467892
21.313677 24.950502
20.611736 25.41399
19.900217 25.858158
19.179644 26.282827
18.45054 26.687824
17.713434 27.072998
16.968855 27.438204
16.217333 27.783316
15.459403 28.108223
14.695599 28.412825
13.9264555 28.697037
13.152509 28.960785
12.374294 29.204012
11.592347 29.426676
10.807201 29.628746
10.019392 29.810205
9.229452 29.971052
8.437913 30.111296
7.6453023 30.23096
6.8521476 30.330086
6.0589733 30.408722
5.266301 30.466932
4.4746485 30.504793
3.68453 30.522396
2.896456 30.519844
2.1109328 30.497253
1.3284624 30.45475
0.5495413 30.392477
-0.22533852 30.310585
-0.9956908 30.20924
-1.761035 30.088617
-2.5208964 29.948906
-3.274807 29.790304
-4.0223045 29.613024
-4.762934 29.41729
-5.4962482 29.203331
-6.2218065 28.971392
-6.9391756 28.721727
-7.647931 28.454603
-8.347655 28.170292
-9.03794 27.869076
-9.718384 27.55125
-10.3885975 27.21712
-11.048197 26.866991
-11.696808 26.501188
-12.334068 26.120039
-12.959622 25.723883
-13.573126 25.313063
-14.174242 24.88793
-14.762648 24.448847
-15.338028 23.99618
-15.900078 23.530304
-16.448503 23.051601
-16.98302 22.560457
-17.503359 22.057266
-18.009254 21.542425
-18.500458 21.016338
-18.976728 20.479414
-19.437838 19.932068
-19.883568 19.374718
-20.313715 18.807787
-20.728083 18.231703
-21.126488 17.646896
-21.50876 17.053799
-21.874739 16.452848
-22.224276 15.844483
-22.557234 15.229145
-22.87349 14.607278
-23.172928 13.979327
-23.455446 13.34574
-23.720955 12.7069645
-23.969378 12.06345
-24.200645 11.415646
-24.414705 10.764002
-24.611513 10.108968
-24.791037 9.450994
-24.953255 8.790528
-25.09816 8.12802
-25.225756 7.4639153
-25.336056 6.7986593
-25.429083 6.1326957
-25.504875 5.4664664
-25.56348 4.8004107
-25.604958 4.134965
-25.629375 3.4705637
-25.636816 2.807637
-25.627369 2.1466122
-25.601135 1.4879129
-25.55823 0.8319587
-25.498772 0.17916512
-25.422895 -0.4700567
-25.330744 -1.1153004
-25.222467 -1.7561644
-25.09823 -2.3922524
-24.958202 -3.0231736
-24.802567 -3.6485424
-24.631514 -4.267979
-24.445242 -4.8811107
-24.243961 -5.48757
-24.027887 -6.0869956
-23.797247 -6.6790333
-23.552273 -7.2633367
-23.293207 -7.839565
-23.020302 -8.407385
-22.733812 -8.966472
-22.434004 -9.516507
-22.12115 -10.05718
-21.795527 -10.58819
-21.457424 -11.1092415
-21.107134 -11.620048
-20.744953 -12.120332
-20.371187 -12.609824
-19.986149 -13.088264
-19.590155 -13.555401
-19.183527 -14.01099
-18.76659 -14.454798
-18.33968 -14.8866
-17.903131 -15.306179
-17.457287 -15.713329
-17.002491 -16.107853
-16.539095 -16.489563
-16.06745 -16.858282
-15.587913 -17.213839
-15.100842 -17.556076
-14.606603 -17.884842
-14.105559 -18.199999
-13.598079 -18.501415
-13.084532 -18.788973
-12.565289 -19.062557
-12.040725 -19.322071
-11.511213 -19.567421
-10.977132 -19.798529
-10.438855 -20.01532
-9.896762 -20.217733
-9.35123 -20.405718
-8.802636 -20.579231
-8.251359 -20.738243
-7.6977754 -20.882729
-7.1422625 -21.012676
-6.5851965 -21.128082
-6.026952 -21.228952
-5.467902 -21.315306
-4.9084196 -21.387165
-4.3488736 -21.444565
-3.7896328 -21.487549
-3.2310624 -21.51617
-2.673526 -21.530493
-2.117384 -21.530586
-1.5629936 -21.516533
-1.0107098 -21.48842
-0.46088314 -21.446348
0.086138815 -21.39042
0.63001245 -21.320755
1.1703982 -21.237473
1.7069609 -21.140707
2.2393694 -21.030598
2.7672973 -20.907291
3.2904232 -20.770945
3.8084302 -20.62172
4.3210073 -20.459787
4.827848 -20.285328
5.328652 -20.098524
5.823124 -19.89957
6.310975 -19.688665
6.7919226 -19.466015
7.265689 -19.231833
7.732003 -18.986338
8.190601 -18.729755
8.641226 -18.462315
9.083626 -18.184254
9.517556 -17.895817
9.9427805 -17.59725
10.359068 -17.288809
10.766196 -16.97075
11.16395 -16.64334
11.552119 -16.306843
11.930504 -15.961533
12.298911 -15.607685
12.657154 -15.245583
13.005056 -14.875508
13.342446 -14.497751
13.669163 -14.112604
13.985051 -13.720361
14.289965 -13.321318
14.583765 -12.915777
14.866322 -12.504043
15.137514 -12.086419
15.397227 -11.663214
15.645355 -11.234736
15.8818 -10.801299
16.106472 -10.3632145
16.319292 -9.920796
16.520185 -9.4743595
16.70909 -9.02422
16.885946 -8.570696
17.050707 -8.114103
17.203335 -7.654759
17.343794 -7.1929812
17.472063 -6.7290874
17.588127 -6.263394
17.691978 -5.7962165
17.783617 -5.327871
17.863054 -4.858671
17.930304 -4.3889313
17.985392 -3.9189625
18.02835 -3.4490745
18.059221 -2.9795759
18.07805 -2.5107732
18.084896 -2.0429702
18.079819 -1.5764687
18.062891 -1.111568
18.03419 -0.64856434
17.9938 -0.18775141
17.941814 0.2705804
17.878334 0.7261441
17.803465 1.1786557
17.717321 1.6278355
17.620022 2.073407
17.511696 2.5150976
17.392475 2.9526393
17.2625 3.385768
17.121918 3.814224
16.970879 4.2377524
16.809542 4.6561027
16.638073 5.069029
16.456638 5.47629
16.265415 5.8776517
16.064587 6.2728825
15.854338 6.661758
15.634859 7.0440583
15.406348 7.4195695
15.169005 7.788083
14.923037 8.149396
14.668652 8.503312
14.406067 8.849641
14.1355 9.188197
13.857174 9.518803
13.571316 9.841286
13.278155 10.1554785
12.977927 10.461224
12.670869 10.758367
12.35722 11.046761
12.037224 11.326266
11.711127 11.596749
11.379178 11.858085
11.041628 12.11015
10.69873 12.352834
10.350741 12.58603
9.997918 12.809637
9.640519 13.023564
9.278806 13.227725
8.91304 13.42204
8.543484 13.606437
8.1704035 13.780851
7.794063 13.945225
7.414728 14.099506
7.0326653 14.243651
6.6481404 14.377623
6.2614207 14.5013895
5.872772 14.614928
5.4824615 14.718222
5.090754 14.811261
4.6979156 14.894042
4.3042107 14.966568
3.9099026 15.02885
3.515254 15.080905
3.120526 15.122756
2.7259786 15.154434
2.3318698 15.175976
1.9384564 15.187424
1.5459927 15.1888275
1.1547314 15.1802435
0.76492256 15.161733
0.37681425 15.133365
-0.009348124 15.095213
-0.39332187 15.0473585
-0.774867 14.989886
-1.1537466 14.92289
-1.5297267 14.846466
-1.9025767 14.760719
-2.2720692 14.665758
-2.6379805 14.561697
-3.0000904 14.448655
-3.3581824 14.326758
-3.712044 14.196137
-4.061466 14.056927
-4.406245 13.909266
-4.74618 13.753301
-5.081075 13.589179
-5.410739 13.417056
-5.734984 13.237091
-6.053628 13.049444
-6.3664937 12.854284
-6.6734076 12.65178
-6.974202 12.442108
-7.268714 12.225445
-7.556785 12.001973
-7.8382626 11.771878
-8.112999 11.535349
-8.380852 11.292577
-8.641684 11.0437565
-8.895363 10.789086
-9.141764 10.528766
-9.380765 10.262998
-9.612251 9.991988
-9.836114 9.715945
-10.052248 9.435079
-10.260555 9.1496
-10.460943 8.859722
-10.653324 8.565661
-10.837618 8.267633
-11.01375 7.965858
-11.181649 7.660554
-11.341252 7.351942
-11.492501 7.0402436
-11.635344 6.725681
-11.769733 6.4084764
-11.89563 6.0888543
-12.012999 5.7670374
-12.121811 5.44325
-12.222043 5.1177163
-12.313677 4.790659
-12.396702 4.4623027
-12.471112 4.1328697
-12.536907 3.8025837
-12.594093 3.4716654
-12.642681 3.1403363
-12.682687 2.8088164
-12.714133 2.4773245
-12.737047 2.1460783
-12.751462 1.8152943
-12.757417 1.4851869
-12.754955 1.1559694
-12.744127 0.82785285
-12.724986 0.5010469
-12.697592 0.17575875
-12.662008 -0.14780642
-12.618306 -0.46944574
-12.566561 -0.78895867
-12.50685 -1.1061474
-12.439259 -1.4208167
-12.363875 -1.7327738
-12.280794 -2.041829
-12.190113 -2.3477962
-12.091935 -2.6504912
-11.986367 -2.949734
-11.873519 -3.2453473
-11.753507 -3.5371575
-11.62645 -3.824994
-11.492471 -4.1086903
-11.351698 -4.3880835
-11.204262 -4.6630144
-11.050298 -4.933327
-10.889942 -5.1988707
-10.723337 -5.4594975
-10.550629 -5.7150636
-10.3719635 -5.9654303
-10.187492 -6.210462
-9.99737 -6.4500284
-9.801753 -6.684003
-9.600801 -6.912263
-9.394677 -7.1346908
-9.183544 -7.3511734
-8.96757 -7.561602
-8.746924 -7.765873
-8.521779 -7.9638867
-8.292307 -8.155548
-8.058682 -8.340768
-7.8210826 -8.51946
-7.579687 -8.691544
-7.334676 -8.856944
-7.0862293 -9.01559
-6.834531 -9.167415
-6.579764 -9.312358
-6.3221135 -9.450364
-6.061765 -9.58138
-5.7989054 -9.705359
-5.533721 -9.822262
-5.266399 -9.932049
-4.9971275 -10.034689
-4.7260942 -10.130156
-4.4534874 -10.218427
-4.1794953 -10.299484
-3.9043055 -10.373317
-3.6281054 -10.439915
-3.3510823 -10.499277
-3.0734231 -10.551405
-2.7953136 -10.596305
-2.5169392 -10.633988
-2.2384844 -10.664472
-1.9601324 -10.687775
-1.6820657 -10.703923
-1.4044654 -10.712948
-1.1275113 -10.714882
-0.8513814 -10.709765
-0.5762528 -10.697639
-0.30230057 -10.678554
-0.029698044 -10.652559
0.24138333 -10.619712
0.510774 -10.580071
0.7783065 -10.533703
1.0438155 -10.480676
1.307138 -10.4210615
1.5681133 -10.354937
1.8265833 -10.282381
2.0823922 -10.20348
2.335387 -10.1183195
2.5854173 -10.026993
2.8323357 -9.929593
3.0759976 -9.82622
3.316261 -9.716973
3.5529876 -9.60196
3.7860415 -9.481288
4.0152907 -9.355067
4.240606 -9.2234125
4.461861 -9.086442
4.678934 -8.944275
4.8917055 -8.797034
5.1000605 -8.644845
5.3038864 -8.487837
5.5030756 -8.3261385
5.6975226 -8.159883
5.8871274 -7.989205
6.0717916 -7.814242
6.251423 -7.6351337
6.425931 -7.4520206
6.5952306 -7.265046
6.7592397 -7.0743546
6.9178805 -6.880092
7.0710793 -6.6824074
7.2187657 -6.4814487
7.360874 -6.277367
7.497343 -6.070314
7.628114 -5.8604426
7.753134 -5.6479063
7.8723526 -5.4328604
7.9857244 -5.2154603
8.093208 -4.9958615
8.194767 -4.7742214
8.290367 -4.550697
8.379979 -4.325445
8.463579 -4.0986247
8.541145 -3.870393
8.612661 -3.6409082
8.678113 -3.410328
8.7374935 -3.17881
8.790796 -2.9465117
8.838022 -2.7135901
8.879174 -2.480202
8.914258 -2.2465034
8.943286 -2.0126493
8.966273 -1.7787945
8.983239 -1.5450926
8.994207 -1.3116964
8.999204 -1.0787575
8.998258 -0.8464261
8.9914055 -0.61485183
8.978683 -0.38418227
8.960134 -0.154564
8.9358015 0.07385808
8.905735 0.30094063
8.8699875 0.526542
8.828613 0.7505224
8.781672 0.9727437
8.729225 1.1930698
8.671339 1.4113669
8.608083 1.6275028
8.539527 1.8413477
8.465748 2.052774
8.386823 2.2616565
8.302834 2.4678726
8.213863 2.6713014
8.119999 2.8718252
8.02133 3.0693288
7.9179473 3.263699
7.809946 3.4548266
7.6974235 3.6426036
7.580479 3.826926
7.4592147 4.007692
7.333734 4.1848025
7.204144 4.358163
7.070553 4.5276794
6.9330707 4.693263
6.79181 4.854827
6.646885 5.0122876
6.498411 5.165565
6.346507 5.314582
6.191291 5.4592643
6.0328836 5.599542
5.871408 5.7353477
5.7069864 5.866617
5.5397444 5.9932895
5.369808 6.115308
5.197304 6.2326183
5.0223594 6.3451705
4.8451033 6.452917
4.6656656 6.555815
4.484176 6.653824
4.300766 6.7469063
4.1155667 6.8350296
3.9287097 6.918164
3.7403274 6.996282
3.5505521 7.0693617
3.3595166 7.1373835
3.1673532 7.200331
2.9741945 7.2581916
2.7801733 7.3109555
2.5854218 7.3586173
2.3900723 7.4011745
2.1942565 7.438628
1.9981054 7.4709826
1.8017501 7.4982452
1.6053206 7.5204263
1.4089465 7.537541
1.2127565 7.549606
1.0168785 7.556642
0.8214393 7.558673
0.626565 7.555726
0.43238032 7.547831
0.23900907 7.535021
0.046573684 7.517332
-0.14480469 7.494804
-0.3350063 7.4674783
-0.5239128 7.4354005
-0.71140736 7.398618
-0.89737475 7.357182
-1.0817015 7.311146
-1.2642758 7.2605658
-1.4449873 7.205501
-1.6237279 7.1460133
-1.8003916 7.0821657
-1.9748737 7.0140257
-2.147072 6.9416623
-2.3168864 6.865146
-2.4842186 6.7845516
-2.6489727 6.699955
-2.8110552 6.6114335
-2.9703746 6.5190682
-3.1268415 6.4229417
-3.2803698 6.3231378
-3.4308746 6.2197433
-3.5782745 6.1128464
-3.72249 6.002537
-3.8634448 5.8889065
-4.0010643 5.772049
-4.135277 5.6520596
-4.2660136 5.5290346
-4.3932085 5.4030714
-4.5167975 5.27427
-4.6367207 5.142731
-4.7529187 5.0085564
-4.8653374 4.871849
-4.9739237 4.732713
-5.078628 4.5912538
-5.1794033 4.447577
-5.2762055 4.30179
-5.368994 4.1540003
-5.4577303 4.0043163
-5.542379 3.852847
-5.622907 3.6997023
-5.6992855 3.544992
-5.771487 3.3888268
-5.8394885 3.2313175
-5.903269 3.072575
-5.96281 2.9127111
-6.0180964 2.7518368
-6.0691156 2.5900633
-6.115859 2.4275026
-6.1583195 2.2642653
-6.196493 2.100463
-6.2303796 1.9362061
-6.2599807 1.7716054
-6.285301 1.606771
-6.3063483 1.4418123
-6.323133 1.2768385
-6.335668 1.1119583
-6.3439693 0.9472792
-6.348055 0.78290844
-6.347946 0.6189523
-6.343667 0.45551604
-6.3352437 0.29270422
-6.3227053 0.13062027
-6.306083 -0.03063342
-6.285412 -0.19095561
-6.2607274 -0.3502462
-6.2320685 -0.5084064
-6.1994767 -0.66533864
-6.1629953 -0.8209467
-6.12267 -0.9751359
-6.0785503 -1.1278129
-6.0306854 -1.2788858
-5.979129 -1.4282647
-5.923935 -1.5758609
-5.8651605 -1.7215873
-5.802864 -1.865359
-5.737107 -2.0070922
-5.6679516 -2.1467059
-5.595463 -2.2841196
-5.519707 -2.419256
-5.4407525 -2.552039
-5.3586693 -2.6823945
-5.2735286 -2.8102508
-5.1854043 -2.9355378
-5.094371 -3.058188
-5.0005045 -3.1781354
-4.903883 -3.2953167
-4.804585 -3.4096704
-4.7026916 -3.5211375
-4.598284 -3.6296608
-4.491445 -3.7351859
-4.3822584 -3.83766
-4.2708097 -3.9370334
-4.1571846 -4.0332584
-4.04147 -4.126289
-3.9237537 -4.2160826
-3.8041246 -4.3025985
-3.682672 -4.3857985
-3.559486 -4.4656463
-3.434657 -4.5421085
-3.3082771 -4.615154
-3.1804376 -4.684754
-3.0512307 -4.7508826
-2.9207492 -4.8135157
-2.7890859 -4.872632
-2.6563342 -4.9282126
-2.5225873 -4.980241
-2.3879387 -5.0287023
-2.2524824 -5.0735855
-2.1163116 -5.114881
-1.9795197 -5.1525826
-1.8422002 -5.1866856
-1.7044463 -5.2171874
-1.566351 -5.2440886
-1.428007 -5.267392
-1.2895067 -5.287103
-1.1509417 -5.303229
-1.0124036 -5.3157783
-0.87398326 -5.3247643
-0.735771 -5.3302007
-0.59785646 -5.332104
-0.46032855 -5.330493
-0.32327545 -5.3253884
-0.18678452 -5.3168135
-0.050942272 -5.3047934
0.08416569 -5.2893558
0.21845475 -5.2705297
0.35184127 -5.248347
0.48424274 -5.222841
0.6155777 -5.194047
0.7457659 -5.162003
0.8747283 -5.126748
1.002387 -5.088324
1.1286657 -5.046774
1.253489 -5.0021424
1.3767831 -4.9544764
1.4984758 -4.903824
1.6184961 -4.8502355
1.7367744 -4.793763
1.8532431 -4.73446
1.9678358 -4.6723814
2.0804877 -4.607583
2.1911361 -4.5401235
2.2997193 -4.470062
2.4061778 -4.397459
2.5104532 -4.322377
2.61249 -4.2448797
2.7122333 -4.1650314
2.8096309 -4.082897
2.9046316 -3.9985445
2.9971871 -3.912041
3.08725 -3.823456
3.1747751 -3.7328594
3.2597196 -3.6403217
3.342042 -3.5459154
3.421703 -3.4497125
3.4986658 -3.3517869
3.5728946 -3.252212
3.6443563 -3.1510632
3.7130194 -3.0484154
3.7788546 -2.9443448
3.8418348 -2.8389275
3.9019346 -2.732241
3.9591308 -2.6243618
4.0134025 -2.515368
4.06473 -2.4053376
4.1130967 -2.2943485
4.1584873 -2.1824791
4.200889 -2.069808
4.240291 -1.9564136
4.2766843 -1.8423744
4.3100615 -1.7277693
4.340418 -1.6126766
4.367751 -1.4971747
4.39206 -1.3813419
4.413345 -1.2652562
4.4316096 -1.1489949
4.4468594 -1.0326359
4.4591007 -0.916256
4.468343 -0.7999318
4.4745965 -0.6837394
4.477875 -0.56775445
4.478193 -0.452052
4.475566 -0.33670643
4.470013 -0.22179154
4.4615545 -0.107380405
4.4502125 0.0064546466
4.4360104 0.11964209
4.4189734 0.23211119
4.3991294 0.34379214
4.376507 0.45461598
4.3511367 0.56451476
4.323051 0.67342144
4.292283 0.78127015
4.2588687 0.88799596
4.2228446 0.9935351
4.1842494 1.0978249
4.143123 1.200804
4.099507 1.3024119
4.0534434 1.4025898
4.0049767 1.5012798
3.9541526 1.5984256
3.9010174 1.6939721
3.8456194 1.7878655
3.7880077 1.8800534
3.7282324 1.970485
3.6663454 2.0591106
3.6023989 2.1458824
3.5364468 2.2307537
3.4685435 2.3136795
3.398745 2.3946164
3.327108 2.4735224
3.2536895 2.550357
3.1785479 2.625082
3.1017423 2.6976595
3.023333 2.7680542
2.9433804 2.8362324
2.8619454 2.9021616
2.7790902 2.965811
2.6948771 3.027152
2.6093693 3.0861573
2.5226302 3.1428013
2.4347239 3.1970599
2.3457146 3.2489114
2.2556667 3.2983348
2.164646 3.3453119
2.0727172 3.389825
1.9799459 3.4318593
1.8863981 3.471401
1.7921394 3.5084383
1.697236 3.542961
1.6017537 3.5749602
1.5057585 3.60443
1.4093164 3.6313646
1.3124934 3.6557608
1.2153553 3.677617
1.1179676 3.6969333
1.0203958 3.7137113
0.9227048 3.7279541
0.82495975 3.739667
0.72722507 3.748856
0.6295649 3.75553
0.53204304 3.7596989
0.43472275 3.7613735
0.3376668 3.7605672
0.24093756 3.7572944
0.1445967 3.7515714
0.048705317 3.7434156
-0.0466761 3.7328463
-0.14148778 3.719884
-0.23567063 3.7045505
-0.3291663 3.6868694
-0.42191726 3.6668658
-0.5138668 3.6445658
-0.604959 3.6199973
-0.6951389 3.5931888
-0.7843523 3.5641706
-0.87254614 3.5329745
-0.95966816 3.4996333
-1.0456672 3.4641812
-1.130493 3.4266531
-1.2140967 3.3870857
-1.29643 3.3455162
-1.3774462 3.3019834
-1.4570994 3.256527
-1.5353451 3.2091877
-1.6121396 3.1600072
-1.6874408 3.1090283
-1.7612076 3.0562947
-1.8334002 3.0018508
-1.9039801 2.9457421
-1.9729102 2.888015
-2.0401542 2.8287165
-2.1056776 2.7678945
-2.169447 2.7055976
-2.2314305 2.641875
-2.2915976 2.5767765
-2.3499186 2.5103528
-2.406366 2.442655
-2.4609134 2.373735
-2.5135353 2.3036447
-2.5642083 2.2324367
-2.61291 2.1601644
-2.6596196 2.086881
-2.7043176 2.0126405
-2.746986 1.9374971
-2.7876081 1.8615055
-2.8261693 1.7847203
-2.8626554 1.7071964
-2.8970542 1.6289887
-2.9293551 1.5501528
-2.9595485 1.4707438
-2.9876266 1.3908172
-3.0135827 1.3104285
-3.0374122 1.2296331
-3.059111 1.1484864
-3.0786774 1.0670435
-3.09611 0.98535985
-3.11141 0.9034904
-3.1245787 0.82149005
-3.1356199 0.7394133
-3.1445384 0.65731466
-3.1513402 0.5752481
-3.156033 0.4932674
-3.1586256 0.4114259
-3.159128 0.3297766
-3.1575515 0.24837208
-3.1539094 0.16726446
-3.1482155 0.08650534
-3.1404853 0.00614582
-3.1307352 -0.07376356
-3.118983 -0.15317284
-3.105248 -0.23203266
-3.08955 -0.31029433
-3.0719106 -0.3879098
-3.0523524 -0.46483168
-3.030899 -0.54101336
-3.0075755 -0.616409
-2.9824078 -0.6909735
-2.9554226 -0.7646626
-2.926648 -0.83743274
-2.8961127 -0.9092414
-2.863847 -0.98004663
-2.829882 -1.0498078
-2.7942495 -1.1184849
-2.7569823 -1.1860389
-2.7181141 -1.2524318
-2.6776795 -1.3176265
-2.635714 -1.3815869
-2.5922542 -1.444278
-2.5473366 -1.5056658
-2.500999 -1.5657172
-2.4532797 -1.6244005
-2.4042182 -1.6816847
-2.3538542 -1.7375402
-2.3022282 -1.7919383
-2.2493813 -1.8448515
-2.195355 -1.8962533
-2.1401916 -1.9461187
-2.0839336 -1.9944236
-2.0266242 -2.041145
-1.9683071 -2.086261
-1.9090264 -2.1297512
-1.8488262 -2.1715963
-1.7877514 -2.211778
-1.7258471 -2.2502792
-1.6631587 -2.287084
-1.5997317 -2.3221781
-1.5356121 -2.3555481
-1.4708458 -2.3871815
-1.4054792 -2.4170678
-1.3395585 -2.4451969
-1.2731302 -2.4715602
-1.2062408 -2.4961505
-1.1389368 -2.5189617
-1.0712649 -2.5399888
-1.0032716 -2.5592282
-0.9350033 -2.576677
-0.86650646 -2.5923345
-0.79782736 -2.6061997
-0.72901225 -2.6182742
-0.660107 -2.62856
-0.5911575 -2.6370606
-0.5222092 -2.6437805
-0.45330748 -2.6487253
-0.38449728 -2.6519015
-0.31582338 -2.6533172
-0.24733007 -2.6529818
-0.17906135 -2.650905
-0.11106083 -2.6470978
-0.043371655 -2.641573
0.023963451 -2.6343436
0.09090224 -2.6254241
0.15740296 -2.61483
0.22342443 -2.6025774
0.28892595 -2.588684
0.3538674 -2.5731683
0.4182093 -2.5560493
0.48191276 -2.5373478
0.5449395 -2.5170846
0.607252 -2.495282
0.6688132 -2.4719632
0.7295871 -2.4471517
0.7895381 -2.4208724
0.84863144 -2.393151
0.90683323 -2.364014
0.9641102 -2.333488
1.02043 -2.3016014
1.075761 -2.2683825
1.1300724 -2.2338612
1.1833342 -2.198067
1.2355175 -2.1610308
1.2865939 -2.122784
1.3365364 -2.0833583
1.3853184 -2.0427866
1.4329144 -2.001102
1.4792998 -1.958338
1.5244511 -1.914529
1.5683455 -1.8697096
1.6109613 -1.823915
1.6522777 -1.7771807
1.6922749 -1.7295427
1.7309341 -1.6810377
1.7682375 -1.6317021
1.8041681 -1.5815732
1.8387102 -1.5306884
1.8718488 -1.4790854
1.9035702 -1.4268023
1.9338615 -1.373877
1.9627109 -1.3203481
1.9901077 -1.2662543
2.016042 -1.2116342
2.040505 -1.1565264
2.063489 -1.1009704
2.084987 -1.0450048
2.1049936 -0.98866904
2.123504 -0.93200195
2.1405144 -0.87504274
2.156022 -0.81783044
2.1700256 -0.76040417
2.182524 -0.7028028
2.193518 -0.6450652
2.2030082 -0.58723
2.2109973 -0.52933586
2.2174885 -0.4714211
2.222486 -0.4135239
2.2259948 -0.35568222
2.2280211 -0.29793373
2.2285721 -0.24031585
2.2276554 -0.18286572
2.22528 -0.12562014
2.221456 -0.068615556
2.216194 -0.011888064
2.2095053 0.04452662
2.201403 0.100593194
2.1918998 0.15627679
2.1810102 0.211543
2.168749 0.26635784
2.155132 0.32068786
2.1401758 0.3745001
2.123898 0.42776215
2.1063166 0.48044208
2.0874505 0.5325086
2.0673192 0.58393097
2.0459435 0.634679
2.0233443 0.6847232
1.9995433 0.7340346
1.9745629 0.782585
1.9484262 0.83034676
1.9211571 0.877293
1.8927797 0.9233974
1.8633189 0.96863455
1.8328004 1.0129795
1.80125 1.0564083
1.7686943 1.0988975
1.7351605 1.1404245
1.700676 1.1809675
1.665269 1.2205052
1.6289679 1.2590176
1.5918015 1.2964851
1.5537994 1.3328887
1.5149909 1.3682109
1.4754064 1.4024343
1.4350762 1.4355428
1.3940309 1.467521
1.3523016 1.4983541
1.3099196 1.5280284
1.2669164 1.556531
1.2233237 1.5838497
1.1791736 1.6099733
1.1344982 1.6348914
1.0893298 1.6585944
1.043701 1.6810735
0.9976443 1.702321
0.9511924 1.72233
0.904378 1.7410941
0.85723394 1.7586081
0.80979306 1.7748677
0.7620882 1.789869
0.7141522 1.8036094
0.6660179 1.8160871
0.617718 1.827301
0.5692852 1.8372508
0.5207521 1.8459373
0.47215104 1.8533616
0.4235145 1.8595262
0.37487453 1.864434
0.32626316 1.8680891
0.27771214 1.870496
0.22925304 1.8716604
0.18091719 1.8715882
0.13273564 1.8702867
0.08473919 1.8677635
0.036958337 1.8640274
-0.010576755 1.8590876
-0.05783624 1.8529541
-0.10479061 1.8456378
-0.15141076 1.8371501
-0.19766793 1.8275032
-0.24353376 1.8167101
-0.28898036 1.8047842
-0.33398023 1.7917398
-0.37850633 1.7775918
-0.42253205 1.7623557
-0.4660313 1.7460477
-0.5089785 1.7286847
-0.55134845 1.7102838
-0.5931167 1.6908631
-0.63425916 1.6704412
-0.67475235 1.6490371
-0.7145733 1.6266705
-0.7536997 1.6033614
-0.7921097 1.5791305
-0.8297821 1.553999
-0.86669636 1.5279883
-0.9028325 1.5011207
-0.93817115 1.4734185
-0.9726936 1.4449047
-1.0063819 1.4156027
-1.0392184 1.3855362
-1.0711865 1.3547292
-1.1022701 1.3232061
-1.1324537 1.2909917
-1.1617227 1.258111
-1.1900628 1.2245895
-1.2174608 1.1904529
-1.2439039 1.155727
-1.2693802 1.120438
-1.2938786 1.0846123
-1.3173883 1.0482763
-1.3398995 1.0114568
-1.361403 0.9741809
-1.3818904 0.93647546
-1.4013541 0.8983678
-1.4197869 0.8598853
-1.4371827 0.8210552
-1.4535358 0.78190506
-1.4688413 0.74246246
-1.4830952 0.7027549
-1.496294 0.66281
-1.5084351 0.6226554
-1.5195165 0.58231854
-1.5295366 0.5418271
-1.5384952 0.5012084
-1.5463922 0.46049
-1.5532285 0.41969913
-1.5590055 0.37886304
-1.5637255 0.3380088
-1.5673913 0.29716334
-1.5700064 0.25635347
-1.5715752 0.21560583
-1.5721024 0.17494681
-1.5715938 0.13440265
-1.5700552 0.09399931
-1.5674938 0.053762566
-1.5639169 0.013717908
-1.5593325 -0.026109442
-1.5537494 -0.06569453
-1.547177 -0.10501273
-1.539625 -0.1440397
-1.5311042 -0.18275146
-1.5216255 -0.22112435
-1.5112005 -0.25913507
-1.4998415 -0.29676068
-1.4875611 -0.33397862
-1.4743726 -0.3707668
-1.46029 -0.40710342
-1.4453274 -0.44296718
-1.4294996 -0.47833717
-1.412822 -0.51319295
-1.3953104 -0.5475145
-1.3769809 -0.5812823
-1.3578502 -0.61447734
-1.3379353 -0.647081
-1.317254 -0.67907524
-1.2958238 -0.71044236
-1.2736635 -0.7411654
-1.2507915 -0.7712278
-1.2272269 -0.8006135
-1.2029891 -0.82930714
-1.1780977 -0.85729367
-1.152573 -0.8845587
-1.1264352 -0.9110884
-1.099705 -0.9368695
-1.0724032 -0.96188927
-1.0445511 -0.9861356
-1.0161701 -1.009597
-0.98728186 -1.0322623
-0.95790803 -1.0541214
-0.92807084 -1.0751641
-0.89779246 -1.0953815
-0.8670953 -1.1147649
-0.8360019 -1.1333063
-0.80453485 -1.1509981
-0.77271706 -1.1678337
-0.7405713 -1.1838067
-0.7081207 -1.1989117
-0.67538816 -1.2131435
-0.6423968 -1.2264977
-0.60916984 -1.2389705
-0.5757304 -1.2505587
-0.5421016 -1.2612597
-0.5083067 -1.2710714
-0.4743688 -1.2799926
-0.44031104 -1.2880222
-0.40615645 -1.29516
-0.371928 -1.3014066
-0.33764863 -1.3067628
-0.30334112 -1.3112301
-0.26902822 -1.3148105
-0.23473245 -1.3175067
-0.20047629 -1.319322
-0.16628201 -1.3202602
-0.13217172 -1.3203255
-0.09816737 -1.3195229
-0.0642907 -1.3178576
-0.030563258 -1.315336
0.0029936433 -1.3119643
0.03635892 -1.3077495
0.06951173 -1.3026993
0.10243149 -1.2968218
0.13509789 -1.2901254
0.1674909 -1.282619
0.19959077 -1.2743123
0.23137806 -1.2652152
0.26283365 -1.2553382
0.2939388 -1.2446921
0.32467496 -1.2332884
0.35502407 -1.2211387
0.3849684 -1.2082553
0.41449055 -1.1946508
0.44357347 -1.1803383
0.47220057 -1.1653309
0.5003556 -1.1496427
0.5280227 -1.1332878
0.55518645 -1.1162807
0.58183193 -1.0986363
0.6079445 -1.0803696
0.63351 -1.0614963
0.65851474 -1.0420321
0.68294543 -1.0219933
0.7067893 -1.0013962
0.73003405 -0.9802575
0.75266767 -0.9585942
0.7746789 -0.9364234
0.7960566 -0.9137627
0.81679046 -0.8906296
0.83687043 -0.867042
0.856287 -0.84301805
0.87503123 -0.8185759
0.89309454 -0.7937341
0.91046894 -0.76851106
0.92714685 -0.74292564
0.9431213 -0.71699667
0.95838577 -0.6907431
0.9729342 -0.66418403
0.9867611 -0.63733864
0.99986154 -0.6102262
1.0122309 -0.5828661
1.0238652 -0.5552776
1.0347611 -0.5274801
1.0449154 -0.49949318
1.0543258 -0.47133622
1.0629902 -0.4430287
1.0709071 -0.41459003
1.0780756 -0.38603967
1.0844953 -0.35739702
1.0901661 -0.32868144
1.0950885 -0.29991215
1.0992634 -0.27110842
1.1026925 -0.24228933
1.1053776 -0.21347393
1.1073211 -0.18468112
1.1085262 -0.15592968
1.1089962 -0.1272383
1.1087346 -0.09862547
1.107746 -0.07010955
1.1060351 -0.041708734
1.1036072 -0.013441024
1.1004678 0.014675751
1.0966231 0.042623974
1.0920795 0.07038623
1.0868441 0.09794533
1.080924 0.12528431
1.0743272 0.15238646
1.0670618 0.1792353
1.0591363 0.2058146
1.0505596 0.23210846
1.0413412 0.2581012
1.0314906 0.28377745
1.0210178 0.3091221
1.0099334 0.3341204
0.998248 0.35875785
0.9859727 0.38302034
0.9731189 0.40689403
0.9596984 0.4303654
0.9457231 0.45342138
0.9312054 0.4760491
0.91615784 0.49823612
0.90059334 0.51997036
0.88452506 0.5412401
0.86796635 0.562034
0.850931 0.582341
0.83343273 0.6021507
0.8154857 0.6214527
0.7971043 0.6402373
0.778303 0.658495
0.7590966 0.67621684
0.7395 0.69339424
0.71952814 0.7100189
0.6991964 0.72608304
0.67852014 0.74157935
0.6575149 0.7565007
0.6361964 0.77084076
0.61458033 0.7845932
0.5926826 0.7977524
0.57051915 0.81031305
0.5481061 0.8222703
0.5254596 0.8336196
0.5025958 0.844357
0.479531 0.8544789
0.45628148 0.86398214
0.43286353 0.87286395
0.40929353 0.881122
0.3855878 0.8887544
0.3617627 0.8957597
0.33783454 0.90213686
0.31381965 0.9078852
0.28973424 0.91300446
0.2655946 0.9174949
0.24141689 0.92135704
0.21721718 0.924592
0.19301152 0.92720115
0.16881585 0.92918634
0.144646 0.93054974
0.120517716 0.931294
0.0964466 0.9314221
0.072448164 0.93093747
0.048537754 0.92984384
0.024730587 0.9281454
0.0010417253 0.92584676
-0.022513935 0.9229527
-0.045921672 0.9194686
-0.069166936 0.91539997
-0.09223537 0.91075283
-0.115112826 0.90553355
-0.13778535 0.89974874
-0.16023919 0.89340544
-0.18246084 0.8865109
-0.20443699 0.87907284
-0.2261546 0.87109923
-0.24760087 0.8625983
-0.26876324 0.8535786
-0.2896294 0.84404904
-0.31018734 0.8340187
-0.33042526 0.82349706
-0.3503317 0.81249374
-0.3698954 0.8010187
-0.3891055 0.7890823
-0.40795135 0.7766948
-0.42642263 0.76386696
-0.44450933 0.75060976
-0.46220168 0.7369342
-0.47949037 0.7228517
-0.4963663 0.7083739
-0.51282066 0.69351244
-0.5288451 0.6782793
-0.54443145 0.6626865
-0.559572 0.64674646
-0.5742593 0.6304715
-0.5884862 0.6138743
-0.60224605 0.5969675
-0.6155324 0.57976407
-0.6283392 0.56227684
-0.6406607 0.544519
-0.6524916 0.52650374
-0.66382694 0.50824434
-0.674662 0.48975417
-0.68499255 0.4710467
-0.6948146 0.45213544
-0.70412457 0.43303397
-0.7129193 0.41375595
-0.7211958 0.39431503
-0.7289517 0.37472486
-0.7361848 0.3549992
-0.7428933 0.3351518
-0.7490757 0.3151963
-0.754731 0.2951465
-0.75985837 0.27501607
-0.76445746 0.2548187
-0.7685283 0.23456804
-0.7720711 0.21427771
-0.77508664 0.19396126
-0.7775758 0.17363219
-0.77953994 0.15330392
-0.78098077 0.13298982
-0.7819003 0.112703145
-0.78230083 0.09245707
-0.7821851 0.07226467
-0.781556 0.05213891
-0.78041697 0.03209264
-0.7787716 0.012138579
-0.7766238 -0.0077106804
-0.7739778 -0.02744269
-0.77083826 -0.047045145
-0.76720995 -0.0665059
-0.763098 -0.08581296
-0.7585079 -0.104954526
-0.75344527 -0.123918936
-0.74791616 -0.14269474
-0.7419269 -0.16127066
-0.735484 -0.17963563
-0.72859424 -0.19777876
-0.7212647 -0.2156894
-0.7135027 -0.23335709
-0.70531565 -0.25077158
-0.6967115 -0.26792288
-0.6876981 -0.2848012
-0.6782838 -0.30139697
-0.668477 -0.3177009
-0.6582864 -0.33370394
-0.6477209 -0.34939727
-0.63678944 -0.36477232
-0.62550133 -0.37982076
-0.6138661 -0.3945346
-0.6018932 -0.408906
-0.58959246 -0.42292756
-0.57697386 -0.43659195
-0.56404746 -0.44989222
-0.5508235 -0.46282172
-0.5373124 -0.475374
-0.5235246 -0.48754302
-0.5094707 -0.4993229
-0.49516144 -0.5107081
-0.4806077 -0.5216934
-0.46582043 -0.53227377
-0.45081064 -0.5424446
-0.43558946 -0.5522015
-0.4201681 -0.5615405
-0.40455782 -0.5704577
-0.38876992 -0.5789497
-0.37281582 -0.58701324
-0.35670692 -0.5946455
-0.34045467 -0.6018439
-0.32407057 -0.60860616
-0.3075661 -0.6149303
-0.29095283 -0.6208146
-0.27424228 -0.6262578
-0.257446 -0.63125867
-0.24057545 -0.6358165
-0.22364219 -0.6399308
-0.20665768 -0.64360136
-0.18963337 -0.6468283
-0.17258067 -0.64961195
-0.15551096 -0.65195304
-0.13843556 -0.6538525
-0.12136568 -0.6553116
-0.10431254 -0.65633184
-0.08728723 -0.65691507
-0.070300795 -0.6570633
-0.053364173 -0.656779
-0.036488205 -0.6560647
-0.019683646 -0.6549234
-0.002961129 -0.65335816
0.01366882 -0.6513725
0.030195799 -0.64897
0.04660953 -0.64615476
0.062899865 -0.6429308
0.0790568 -0.6393026
0.095070474 -0.6352748
0.11093117 -0.6308524
0.12662934 -0.62604046
0.14215557 -0.62084436
0.15750065 -0.61526966
0.17265551 -0.6093222
0.18761125 -0.603008
0.2023592 -0.5963332
0.21689083 -0.5893043
0.23119782 -0.58192796
0.24527203 -0.57421094
0.25910553 -0.5661602
0.2726906 -0.55778295
0.2860197 -0.5490865
0.29908556 -0.54007846
0.31188104 -0.5307664
0.32439926 -0.5211583
0.3366336 -0.511262
0.34857756 -0.5010857
0.36022496 -0.49063766
0.37156987 -0.4799263
0.3826065 -0.4689601
0.39332935 -0.45774776
0.40373313 -0.446298
0.41381282 -0.4346197
0.42356366 -0.42272183
0.43298104 -0.41061345
0.4420607 -0.3983037
0.4507986 -0.3858018
0.4591909 -0.37311703
0.46723402 -0.36025882
0.47492468 -0.34723654
0.4822598 -0.33405972
0.48923662 -0.32073784
0.4958525 -0.3072805
0.5021052 -0.29369736
0.50799257 -0.27999797
0.51351297 -0.26619202
0.51866466 -0.2522892
0.5234465 -0.23829919
0.52785736 -0.22423166
0.5318964 -0.2100963
0.5355631 -0.19590278
0.5388572 -0.18166076
0.5417786 -0.16737987
0.5443275 -0.1530697
0.5465044 -0.13873984
0.5483098 -0.12439981
0.5497448 -0.11005908
0.5508104 -0.09572709
0.551508 -0.08141321
0.55183935 -0.06712673
0.5518062 -0.052876886
0.5514107 -0.038672835
0.55065507 -0.02452365
0.5495419 -0.010438318
0.54807395 0.0035742624
0.54625416 0.0175053
0.54408574 0.031346098
0.54157203 0.045088075
0.5387167 0.058722757
0.5355235 0.07224179
0.5319964 0.08563695
0.52813977 0.09890013
0.52395785 0.11202337
0.5194553 0.12499882
0.51463693 0.1378188
0.5095076 0.15047577
0.5040724 0.16296233
0.4983368 0.17527124
0.49230614 0.18739541
0.48598608 0.19932793
0.4793824 0.21106203
0.47250104 0.22259113
0.46534812 0.2339088
0.45792988 0.24500881
0.45025265 0.2558851
0.44232297 0.2665318
0.43414745 0.27694318
0.42573285 0.28711376
0.4170861 0.29703817
0.40821412 0.30671132
0.3991241 0.31612825
0.38982314 0.32528424
0.38031864 0.33417475
0.37061796 0.34279543
0.3607286 0.35114214
0.35065806 0.35921097
0.34041405 0.36699817
0.33000427 0.3745002
0.31943646 0.38171375
0.3087185 0.3886357
0.29785824 0.39526317
0.28686365 0.40159348
0.27574274 0.40762413
0.26450348 0.41335285
0.25315392 0.41877759
0.2417022 0.4238965
0.23015638 0.42870793
0.21852458 0.43321046
0.20681491 0.4374029
0.19503555 0.44128427
0.18319461 0.44485372
0.1713002 0.4481107
0.15936047 0.4510548
0.14738351 0.4536859
0.13537739 0.45600402
0.12335019 0.45800942
0.11130991 0.45970255
0.09926453 0.461084
0.08722201 0.4621547
0.07519024 0.46291566
0.063177064 0.46336815
0.051190272 0.4635136
0.039237592 0.4633537
0.027326684 0.46289024
0.0154651385 0.46212524
0.0036604693 0.4610609
-0.008079886 0.45969966
-0.01974858 0.45804402
-0.03133835 0.45609677
-0.04284202 0.45386082
-0.054252524 0.4513393
-0.06556289 0.44853547
-0.07676625 0.44545275
-0.08785585 0.44209477
-0.09882505 0.43846527
-0.109667316 0.43456817
-0.120376244 0.43040755
-0.13094555 0.42598763
-0.14136907 0.42131278
-0.15164079 0.41638753
-0.16175482 0.4112165
-0.1717054 0.40580449
-0.1814869 0.4001564
-0.19109389 0.39427733
-0.200521 0.38817242
-0.20976308 0.38184696
-0.2188151 0.37530634
-0.22767219 0.36855605
-0.23632962 0.36160177
-0.24478282 0.35444918
-0.2530274 0.34710413
-0.26105914 0.3395725
-0.26887393 0.3318603
-0.2764679 0.32397366
-0.28383726 0.3159187
-0.2909785 0.30770168
-0.29788816 0.29932892
-0.30456305 0.2908068
-0.31100008 0.28214175
-0.31719637 0.27334028
-0.3231492 0.26440898
-0.32885608 0.2553544
-0.3343146 0.24618322
-0.33952263 0.2369021
-0.3444781 0.22751778
-0.3491792 0.218037
-0.35362434 0.20846653
-0.35781196 0.19881317
-0.3617408 0.18908374
-0.36540976 0.17928505
-0.3688179 0.16942394
-0.3719644 0.15950723
-0.37484872 0.14954177
-0.37747043 0.13953435
-0.3798293 0.12949184
-0.38192526 0.11942099
-0.38375843 0.10932858
-0.38532907 0.09922138
-0.38663763 0.0891061
-0.38768473 0.078989446
-0.3884712 0.06887806
-0.38899794 0.05877857
-0.3892661 0.048697535
-0.38927698 0.03864148
-0.38903204 0.028616872
-0.38853285 0.018630115
-0.38778114 0.00868756
-0.38677892 -0.0012045074
-0.3855282 -0.011039876
-0.38403124 -0.020812403
-0.3822904 -0.030516021
-0.38030818 -0.040144745
-0.37808728 -0.04969267
-0.3756305 -0.05915398
-0.37294078 -0.068522945
-0.37002122 -0.07779393
-0.36687502 -0.08696141
-0.36350554 -0.09601993
-0.35991624 -0.10496417
-0.35611072 -0.11378888
-0.35209274 -0.122488946
-0.34786612 -0.13105935
-0.3434348 -0.13949521
-0.33880287 -0.14779173
-0.3339745 -0.15594424
-0.32895398 -0.16394822
-0.3237457 -0.17179923
-0.3183541 -0.17949297
-0.31278378 -0.1870253
-0.3070394 -0.19439214
-0.30112576 -0.20158964
-0.2950477 -0.20861399
-0.2888101 -0.21546157
-0.282418 -0.22212887
-0.27587646 -0.22861253
-0.2691906 -0.23490934
-0.26236564 -0.24101621
-0.2554069 -0.24693018
-0.24831961 -0.25264847
-0.24110924 -0.25816843
-0.23378119 -0.26348758
-0.22634093 -0.26860353
-0.218794 -0.27351406
-0.21114597 -0.27821714
-0.20340241 -0.2827108
-0.19556898 -0.2869933
-0.18765132 -0.291063
-0.1796551 -0.29491848
-0.17158604 -0.29855835
-0.16344984 -0.3019815
-0.15525222 -0.30518687
-0.14699891 -0.3081736
-0.13869567 -0.31094095
-0.1303482 -0.31348833
-0.12196227 -0.31581536
-0.1135436 -0.3179217
-0.1050979 -0.31980723
-0.09663088 -0.321472
-0.08814822 -0.32291606
-0.07965558 -0.32413983
-0.0711586 -0.3251437
-0.06266289 -0.32592824
-0.05417402 -0.3264942
-0.04569753 -0.3268424
-0.03723892 -0.3269739
-0.028803645 -0.32688975
-0.020397121 -0.3265913
-0.012024708 -0.32608
-0.0036917115 -0.3253573
0.0045966133 -0.32442486
0.012835073 -0.32328454
0.021018539 -0.32193825
0.02914194 -0.32038802
0.03720028 -0.31863603
0.04518863 -0.31668457
0.053102143 -0.31453606
0.060936037 -0.31219304
0.06868561 -0.3096581
0.07634626 -0.30693403
0.083913445 -0.30402365
0.09138272 -0.30092996
0.098749734 -0.29765603
0.10601023 -0.294205
0.11316003 -0.2905802
0.12019507 -0.28678495
0.12711136 -0.2828227
0.13390505 -0.27869698
0.14057235 -0.27441147
0.14710961 -0.26996988
0.15351325 -0.265376
0.15977983 -0.2606337
0.16590601 -0.25574696
0.17188855 -0.2507198
0.17772433 -0.24555628
0.18341035 -0.2402606
0.18894371 -0.23483698
0.19432165 -0.22928971
0.19954151 -0.22362313
0.20460077 -0.21784164
0.20949699 -0.21194969
0.21422787 -0.20595177
0.21879126 -0.19985242
0.22318509 -0.19365622
0.22740744 -0.1873678
0.2314565 -0.1809918
0.2353306 -0.1745329
0.23902814 -0.16799584
0.24254775 -0.16138534
0.24588808 -0.15470615
0.24904796 -0.14796305
0.25202635 -0.14116083
0.25482228 -0.1343043
0.257435 -0.12739828
0.2598638 -0.12044759
0.2621081 -0.11345703
0.2641675 -0.10643144
0.26604167 -0.09937562
0.26773044 -0.09229438
0.26923376 -0.08519252
0.27055168 -0.07807481
0.27168435 -0.07094603
0.2726321 -0.06381093
0.27339536 -0.05667422
0.27397466 -0.04954061
0.27437067 -0.042414766
0.27458417 -0.035301328
0.27461603 -0.028204896
0.27446726 -0.021130038
0.274139 -0.014081284
0.27363244 -0.0070631155
0.27294895 -7.997034E-5
0.27208996 0.00686376
0.27105704 0.013763735
0.2698519 0.020615667
0.26847622 0.02741533
0.26693192 0.034158546
0.26522094 0.040841207
0.26334536 0.047459263
0.26130736 0.05400873
0.25910917 0.06048569
0.25675312 0.066886306
0.2542417 0.07320679
0.25157744 0.07944345
0.24876292 0.08559266
0.24580084 0.09165087
0.24269399 0.09761462
0.23944524 0.10348053
0.2360575 0.10924529
0.23253381 0.114905685
0.22887723 0.12045859
0.22509094 0.12590095
0.22117813 0.13122983
0.2171421 0.13644238
0.21298622 0.14153579
0.20871387 0.14650743
0.20432854 0.1513547
0.19983372 0.15607512
0.195233 0.1606663
0.19053 0.16512597
0.18572839 0.16945192
0.18083188 0.17364208
0.1758442 0.17769447
0.17076918 0.1816072
0.16561066 0.18537848
0.16037245 0.18900664
0.15505846 0.1924901
0.14967263 0.19582738
0.14421889 0.19901714
0.13870122 0.20205809
0.13312358 0.2049491
0.12749 0.20768909
0.12180448 0.21027713
0.116071075 0.21271236
0.1102938 0.21499406
0.1044767 0.2171216
0.09862383 0.21909446
0.09273923 0.22091219
0.086826965 0.2225745
0.08089106 0.22408117
0.07493555 0.22543208
0.06896445 0.22662723
0.0629818 0.22766672
0.056991573 0.22855073
0.050997753 0.22927958
0.0450043 0.22985364
0.03901515 0.23027344
0.033034213 0.23053955
0.027065374 0.23065268
0.021112483 0.2306136
0.015179364 0.23042321
0.009269805 0.2300825
0.003387555 0.22959252
-0.0024636756 0.22895445
-0.008280217 0.22816955
-0.014058443 0.22723915
-0.019794773 0.2261647
-0.025485678 0.22494772
-0.03112767 0.22358981
-0.03671732 0.22209266
-0.042251255 0.22045803
-0.04772615 0.21868779
-0.05313874 0.21678387
-0.058485825 0.21474825
-0.06376426 0.21258304
-0.06897096 0.21029037
-0.07410292 0.20787248
-0.07915718 0.20533167
-0.08413086 0.2026703
-0.08902115 0.1998908
-0.0938253 0.19699568
-0.098540656 0.19398747
-0.103164606 0.1908688
-0.10769464 0.18764234
-0.11212831 0.18431081
-0.116463244 0.180877
-0.12069715 0.17734376
-0.12482782 0.17371395
-0.12885311 0.16999051
-0.132771 0.16617641
-0.1365795 0.16227469
-0.14027673 0.15828839
-0.14386089 0.15422061
-0.14733027 0.1500745
-0.15068322 0.14585319
-0.15391822 0.14155991
-0.1570338 0.13719788
-0.16002858 0.13277034
-0.16290128 0.12828061
-0.16565071 0.12373195
-0.16827576 0.1191277
-0.1707754 0.11447119
-0.17314869 0.10976578
-0.1753948 0.105014846
-0.17751297 0.10022175
-0.17950253 0.0953899
-0.1813629 0.09052268
-0.18309358 0.08562348
-0.18469417 0.08069571
-0.18616436 0.07574277
-0.1875039 0.07076806
-0.18871269 0.06577496
-0.18979064 0.060766865
-0.19073778 0.055747144
-0.19155425 0.050719164
-0.19224022 0.045686275
-0.192796 0.04065181
-0.19322197 0.035619088
-0.19351856 0.030591406
-0.19368634 0.025572037
-0.19372588 0.020564236
-0.19363792 0.0155712245
-0.19342321 0.010596201
-0.19308262 0.0056423326
-0.19261707 7.127556E-4
-0.19202761 -0.0041894284
-0.1913153 -0.009061154
-0.19048129 -0.0138993915
-0.18952684 -0.018701151
-0.18845326 -0.023463484
-0.18726191 -0.028183483
-0.18595424 -0.032858286
-0.18453178 -0.037485078
-0.18299611 -0.04206109
-0.18134888 -0.0465836
-0.17959179 -0.05104994
-0.17772663 -0.055457495
-0.17575523 -0.0598037
-0.17367949 -0.06408604
-0.17150135 -0.06830207
-0.16922285 -0.07244939
-0.16684602 -0.07652567
-0.164373 -0.080528624
-0.16180594 -0.08445604
-0.15914708 -0.08830577
-0.15639867 -0.09207572
-0.15356304 -0.09576386
-0.15064251 -0.09936823
-0.14763951 -0.10288693
-0.14455648 -0.10631814
-0.14139588 -0.109660104
-0.13816024 -0.11291112
-0.13485211 -0.11606957
-0.13147406 -0.119133905
-0.12802872 -0.12210264
-0.124518715 -0.12497436
-0.120946735 -0.12774773
-0.11731547 -0.13042149
-0.11362765 -0.13299444
-0.109886006 -0.13546546
-0.1060933 -0.1378335
-0.10225233 -0.1400976
-0.09836587 -0.14225684
-0.09443674 -0.1443104
-0.09046777 -0.14625753
-0.08646178 -0.14809754
-0.08242162 -0.14982986
-0.07835014 -0.15145393
-0.07425019 -0.1529693
-0.070124626 -0.1543756
-0.0659763 -0.1556725
-0.06180807 -0.15685979
-0.057622783 -0.1579373
-0.05342329 -0.15890495
-0.049212426 -0.15976271
-0.044993024 -0.16051066
-0.040767904 -0.1611489
-0.03653988 -0.16167766
-0.032311738 -0.16209719
-0.028086262 -0.16240782
-0.023866214 -0.16261
-0.019654335 -0.16270418
-0.015453348 -0.16269092
-0.011265948 -0.16257083
-0.0070948126 -0.1623446
-0.00294259 -0.16201298
0.0011880982 -0.16157676
0.0052946596 -0.16103685
0.009374533 -0.16039418
0.013425187 -0.15964974
0.017444126 -0.15880461
0.02142889 -0.1578599
0.02537705 -0.15681681
0.02928622 -0.15567657
0.033154055 -0.1544405
0.036978245 -0.15310994
0.040756524 -0.15168628
0.044486668 -0.150171
0.0481665 -0.1485656
0.05179388 -0.14687167
0.055366732 -0.14509079
0.058883008 -0.14322464
0.062340718 -0.14127493
0.065737925 -0.13924341
0.06907274 -0.13713188
0.07234332 -0.13494217
0.075547874 -0.13267618
0.07868467 -0.13033582
0.08175205 -0.12792304
0.08474836 -0.12543985
0.087672055 -0.12288826
0.09052162 -0.12027035
0.093295604 -0.1175882
0.0959926 -0.11484395
0.09861128 -0.11203975
0.10115037 -0.10917778
0.103608645 -0.10626025
0.10598495 -0.10328938
0.10827818 -0.10026743
0.1104873 -0.09719668
0.11261133 -0.09407942
0.11464936 -0.09091796
0.11660054 -0.08771463
0.11846408 -0.08447176
0.12023924 -0.081191726
0.12192537 -0.07787688
0.12352185 -0.074529596
0.12502815 -0.071152255
0.12644377 -0.06774725
0.12776832 -0.06431697
0.12900142 -0.060863823
0.1301428 -0.057390194
0.1311922 -0.05389849
0.13214949 -0.050391104
0.13301452 -0.04687043
0.13378726 -0.043338858
0.13446772 -0.039798766
0.13505597 -0.036252536
0.13555217 -0.032702528
0.1359565 -0.029151095
0.1362692 -0.025600579
0.13649058 -0.022053305
0.13662104 -0.01851159
0.13666098 -0.014977729
0.1366109 -0.011453999
0.13647135 -0.007942658
0.1362429 -0.004445944
0.13592622 -9.6607185E-4
0.13552202 0.0024947673
0.13503106 0.005934407
0.13445415 0.009350707
0.13379215 0.0127415545
0.13304597 0.016104866
0.13221659 0.019438585
0.13130502 0.02274069
0.13031234 0.02600919
0.12923963 0.029242126
0.12808807 0.032437578
0.12685886 0.035593655
0.12555324 0.038708504
0.12417248 0.041780315
0.12271794 0.044807315
0.12119099 0.047787763
0.11959304 0.050719965
0.11792553 0.053602267
0.116189964 0.056433056
0.11438786 0.059210766
0.112520784 0.06193387
0.110590324 0.06460089
0.108598106 0.06721039
0.10654579 0.06976098
0.104435064 0.072251305
0.102267645 0.07468009
0.100045286 0.07704608
0.09776974 0.07934807
0.09544282 0.08158491
0.09306633 0.08375549
0.09064212 0.08585878
0.088172056 0.08789376
