36 1
35.8892 1.70272
35.7609 2.4004
35.6152 3.09262
35.4523 3.77895
35.2726 4.45897
35.0761 5.13227
34.8631 5.79845
34.6338 6.45711
34.3884 7.10787
34.1273 7.75032
33.8507 8.38411
33.5588 9.00886
33.252 9.62421
32.9305 10.2298
32.5945 10.8253
32.2445 11.4104
31.8807 11.9848
31.5035 12.5481
31.1131 13.1
30.7099 13.6402
30.2942 14.1685
29.8664 14.6845
29.4268 15.188
28.9758 15.6788
28.5138 16.1565
28.041 16.621
27.5579 17.0719
27.0649 17.5092
26.5623 17.9325
26.0505 18.3418
25.53 18.7367
25.001 19.1171
24.464 19.4829
23.9194 19.8338
23.3676 20.1698
22.809 20.4907
22.2439 20.7964
21.6729 21.0867
21.0963 21.3616
20.5146 21.621
19.928 21.8647
19.3372 22.0928
18.7423 22.3051
18.144 22.5016
17.5425 22.6822
16.9384 22.847
16.3319 22.9959
15.7236 23.1289
15.1138 23.246
14.503 23.3472
13.8915 23.4326
13.2798 23.5022
12.6682 23.5559
12.0572 23.594
11.4472 23.6163
10.8385 23.6231
10.2315 23.6144
9.62674 23.5903
9.02445 23.5508
8.42507 23.4962
7.82897 23.4265
7.23653 23.3418
6.6481 23.2423
6.06407 23.1282
5.48477 22.9996
4.91058 22.8567
4.34184 22.6995
3.77888 22.5285
3.22206 22.3436
2.67169 22.1452
2.1281 21.9334
1.59162 21.7084
1.06256 21.4705
0.541214 21.2199
0.027889 20.9568
-0.477123 20.6815
-0.97354 20.3942
-1.46108 20.0951
-1.93948 19.7847
-2.40847 19.463
-2.8678 19.1304
-3.31721 18.7872
-3.75648 18.4336
-4.18537 18.07
-4.60366 17.6966
-5.01112 17.3137
-5.40756 16.9217
-5.79278 16.5209
-6.16659 16.1115
-6.52881 15.6938
-6.87925 15.2683
-7.21777 14.8352
-7.5442 14.3949
-7.8584 13.9477
-8.16023 13.4938
-8.44957 13.0338
-8.72629 12.5678
-8.99028 12.0962
-9.24144 11.6195
-9.47969 11.1378
-9.70492 10.6516
-9.91708 10.1612
-10.1161 9.66693
-10.3019 9.16918
-10.4745 8.66826
-10.6338 8.16454
-10.7797 7.65835
-10.9123 7.15005
-11.0316 6.63998
-11.1375 6.12848
-11.2301 5.6159
-11.3094 5.10259
-11.3753 4.58887
-11.428 4.0751
-11.4674 3.56161
-11.4936 3.04874
-11.5068 2.53682
-11.5068 2.02618
-11.4939 1.51715
-11.468 1.01005
-11.4293 0.505209
-11.3779 0.00294674
-11.3139 -0.496423
-11.2374 -0.992589
-11.1767 -1.27532
-11.109 -1.55562
-11.0344 -1.83331
-10.953 -2.10823
-10.8648 -2.38021
-10.77 -2.64909
-10.6686 -2.91471
-10.5608 -3.17691
-10.4467 -3.43554
-10.3263 -3.69046
-10.1999 -3.9415
-10.0674 -4.18854
-9.92912 -4.43143
-9.78507 -4.67004
-9.6354 -4.90423
-9.48025 -5.13387
-9.31974 -5.35884
-9.15402 -5.57902
-8.98322 -5.79429
-8.80749 -6.00453
-8.62696 -6.20964
-8.44178 -6.40951
-8.2521 -6.60404
-8.05807 -6.79313
-7.85984 -6.97669
-7.65757 -7.15463
-7.45141 -7.32686
-7.24152 -7.4933
-7.02806 -7.65388
-6.81118 -7.80852
-6.59106 -7.95715
-6.36784 -8.09972
-6.14171 -8.23616
-5.91282 -8.36642
-5.68134 -8.49044
-5.44743 -8.60819
-5.21126 -8.71961
-4.97301 -8.82467
-4.73283 -8.92334
-4.49091 -9.01559
-4.24739 -9.10139
-4.00247 -9.18073
-3.7563 -9.25359
-3.50905 -9.31995
-3.26089 -9.37982
-3.01199 -9.43319
-2.76252 -9.48005
-2.51265 -9.52042
-2.26253 -9.55431
-2.01235 -9.58172
-1.76225 -9.60269
-1.51241 -9.61723
-1.26299 -9.62537
-1.01415 -9.62713
-0.766053 -9.62256
-0.518851 -9.6117
-0.272705 -9.59458
-0.0277718 -9.57125
0.215796 -9.54176
0.457847 -9.50617
0.698228 -9.46454
0.936791 -9.41692
1.17339 -9.36339
1.40788 -9.304
1.64012 -9.23884
1.86997 -9.16797
2.0973 -9.09148
2.32195 -9.00945
2.54382 -8.92196
2.76276 -8.82911
2.97865 -8.73097
3.19135 -8.62766
3.40076 -8.51926
3.60676 -8.40588
3.80921 -8.28761
4.00803 -8.16456
4.20308 -8.03685
4.39427 -7.90458
4.58149 -7.76786
4.76464 -7.62681
4.94363 -7.48154
5.11836 -7.33218
5.28873 -7.17885
5.45467 -7.02166
5.61609 -6.86075
5.7729 -6.69625
5.92504 -6.52827
6.07242 -6.35695
6.21498 -6.18242
6.35264 -6.00482
6.48536 -5.82427
6.61306 -5.64092
6.7357 -5.4549
6.85322 -5.26635
6.96557 -5.0754
7.07271 -4.88219
7.1746 -4.68687
7.27119 -4.48957
7.36246 -4.29044
7.44838 -4.08961
7.52892 -3.88724
7.60406 -3.68345
7.67377 -3.47839
7.73805 -3.27221
7.79689 -3.06504
7.85026 -2.85703
7.89818 -2.64831
7.94063 -2.43904
7.97763 -2.22935
8.00918 -2.01937
8.03528 -1.80926
8.05596 -1.59914
8.07123 -1.38917
8.08111 -1.17946
8.08562 -0.97017
8.0848 -0.761421
8.07866 -0.553352
8.06725 -0.346096
8.05061 -0.139784
8.02877 0.0654554
8.00178 0.26949
7.96968 0.472196
7.93253 0.673445
7.89038 0.873114
7.84328 1.07108
7.79129 1.26723
7.73447 1.46143
7.6729 1.65357
7.60663 1.84355
7.53574 2.03124
7.46029 2.21653
7.38038 2.39932
7.29606 2.57949
7.20743 2.75696
7.11456 2.93161
7.01754 3.10335
6.91646 3.27208
6.8114 3.4377
6.70246 3.60013
6.58974 3.75928
6.47332 3.91505
6.35331 4.06737
6.2298 4.21616
6.10289 4.36134
5.97269 4.50283
5.83931 4.64057
5.70284 4.77447
5.56339 4.90449
5.42108 5.03054
5.27601 5.15258
5.12829 5.27054
4.97803 5.38437
4.82536 5.49402
4.67038 5.59944
4.5132 5.70059
4.35395 5.79742
4.19274 5.88989
4.02968 5.97797
3.8649 6.06162
3.69851 6.14082
3.53062 6.21553
3.36137 6.28574
3.19087 6.35142
3.01923 6.41256
2.84658 6.46913
2.67303 6.52114
2.49871 6.56857
2.32373 6.61141
2.14821 6.64967
1.97228 6.68334
1.79604 6.71243
1.61962 6.73695
1.44313 6.7569
1.26669 6.77229
1.09042 6.78315
0.91442 6.78949
0.738819 6.79134
0.563726 6.78871
0.389251 6.78164
0.215506 6.77015
0.0426023 6.75427
-0.129353 6.73405
-0.30025 6.70952
-0.469985 6.68071
-0.638451 6.64768
-0.805546 6.61047
-0.971167 6.56913
-1.13521 6.5237
-1.29759 6.47424
-1.45819 6.42081
-1.61693 6.36346
-1.7737 6.30226
-1.92843 6.23726
-2.08102 6.16853
-2.23137 6.09613
-2.37941 6.02014
-2.52505 5.94062
-2.66821 5.85764
-2.8088 5.77129
-2.94676 5.68163
-3.08199 5.58875
-3.21444 5.49272
-3.34403 5.39362
-3.47069 5.29154
-3.59435 5.18655
-3.71495 5.07876
-3.83243 4.96823
-3.94673 4.85507
-4.05779 4.73935
-4.16555 4.62118
-4.26997 4.50064
-4.37099 4.37782
-4.46856 4.25281
-4.56266 4.12572
-4.65322 3.99664
-4.74021 3.86566
-4.82359 3.73288
-4.90334 3.5984
-4.97941 3.46232
-5.05178 3.32473
-5.12042 3.18573
-5.18531 3.04542
-5.24642 2.90391
-5.30374 2.76128
-5.35726 2.61765
-5.40695 2.47311
-5.4528 2.32777
-5.49482 2.18171
-5.53299 2.03505
-5.5673 1.88788
-5.59776 1.7403
-5.62438 1.59241
-5.64715 1.44431
-5.66607 1.2961
-5.68117 1.14787
-5.69245 0.999728
-5.69993 0.851765
-5.70361 0.704079
-5.70353 0.556766
-5.6997 0.409919
-5.69215 0.263633
-5.6809 0.118
-5.66598 -0.0268872
-5.64743 -0.170937
-5.62526 -0.314061
-5.59953 -0.45617
-5.57026 -0.597175
-5.5375 -0.736991
-5.50128 -0.875533
-5.46166 -1.01272
-5.41867 -1.14846
-5.37236 -1.28268
-5.32278 -1.4153
-5.26999 -1.54624
-5.21403 -1.67543
-5.15496 -1.80278
-5.09284 -1.92823
-5.02772 -2.0517
-4.95967 -2.17313
-4.88874 -2.29244
-4.81501 -2.40957
-4.73852 -2.52446
-4.65936 -2.63704
-4.57757 -2.74725
-4.49325 -2.85503
-4.40645 -2.96033
-4.31724 -3.06308
-4.2257 -3.16325
-4.1319 -3.26077
-4.03592 -3.35559
-3.93782 -3.44767
-3.8377 -3.53697
-3.73562 -3.62344
-3.63166 -3.70704
-3.5259 -3.78773
-3.41842 -3.86548
-3.30931 -3.94024
-3.19863 -4.012
-3.08648 -4.08071
-2.97294 -4.14636
-2.85808 -4.2089
-2.742 -4.26833
-2.62477 -4.32462
-2.50647 -4.37775
-2.3872 -4.4277
-2.26704 -4.47446
-2.14606 -4.51802
-2.02436 -4.55836
-1.90201 -4.59548
-1.77911 -4.62937
-1.65573 -4.66002
-1.53197 -4.68744
-1.40789 -4.71163
-1.28359 -4.73258
-1.15915 -4.7503
-1.03465 -4.76481
-0.910179 -4.7761
-0.78581 -4.78418
-0.661628 -4.78908
-0.537713 -4.79081
-0.414145 -4.78937
-0.291003 -4.7848
-0.168366 -4.77711
-0.0463111 -4.76632
0.0750849 -4.75247
0.195744 -4.73557
0.315593 -4.71565
0.434557 -4.69274
0.552564 -4.66689
0.669541 -4.63811
0.785417 -4.60645
0.900122 -4.57194
1.01359 -4.53462
1.12574 -4.49453
1.23653 -4.45171
1.34587 -4.40621
1.45372 -4.35808
1.55999 -4.30735
1.66465 -4.25408
1.76761 -4.19831
1.86884 -4.1401
1.96826 -4.0795
2.06583 -4.01656
2.16149 -3.95134
2.25519 -3.88389
2.34688 -3.81427
2.4365 -3.74254
2.52402 -3.66875
2.60939 -3.59297
2.69256 -3.51526
2.77349 -3.43567
2.85214 -3.35428
2.92847 -3.27114
3.00245 -3.18633
3.07403 -3.0999
3.14319 -3.01192
3.2099 -2.92246
3.27412 -2.83159
3.33582 -2.73936
3.39498 -2.64586
3.45158 -2.55115
3.50559 -2.4553
3.55699 -2.35838
3.60577 -2.26046
3.6519 -2.1616
3.69537 -2.06188
3.73616 -1.96137
3.77427 -1.86014
3.80968 -1.75826
3.84239 -1.6558
3.87239 -1.55283
3.89968 -1.44942
3.92425 -1.34565
3.9461 -1.24158
3.96524 -1.13728
3.98166 -1.03282
3.99538 -0.928272
4.00639 -0.823706
4.0147 -0.71919
4.02034 -0.614792
4.02329 -0.51058
4.02359 -0.406622
4.02124 -0.302984
4.01626 -0.199733
4.00868 -0.0969341
3.9985 0.00534795
3.98575 0.107048
3.97045 0.208103
3.95263 0.30845
3.93232 0.408027
3.90953 0.506773
3.88431 0.604628
3.85668 0.701533
3.82666 0.797429
3.79431 0.892259
3.75964 0.985967
3.7227 1.0785
3.68352 1.1698
3.64214 1.25981
3.59861 1.34849
3.55295 1.43578
3.50522 1.52163
3.45545 1.606
3.4037 1.68884
3.35 1.77009
3.2944 1.84973
3.23696 1.9277
3.17771 2.00396
3.11671 2.07848
3.054 2.15121
2.98964 2.22211
2.92368 2.29116
2.85618 2.3583
2.78718 2.42352
2.71673 2.48678
2.6449 2.54804
2.57174 2.60729
2.4973 2.66449
2.42164 2.71961
2.34482 2.77263
2.26689 2.82354
2.18791 2.8723
2.10794 2.91889
2.02704 2.96331
1.94526 3.00553
1.86267 3.04553
1.77932 3.08331
1.69527 3.11885
1.61059 3.15213
1.52532 3.18316
1.43953 3.21192
1.35328 3.23841
1.26663 3.26262
1.17964 3.28455
1.09236 3.3042
1.00486 3.32156
0.917198 3.33665
0.829425 3.34946
0.741602 3.35999
0.653789 3.36826
0.566042 3.37426
0.47842 3.37802
0.390978 3.37953
0.303774 3.37882
0.216863 3.37589
0.1303 3.37076
0.0441412 3.36344
-0.0415597 3.35395
-0.126749 3.34231
-0.211373 3.32855
-0.295381 3.31267
-0.378719 3.29471
-0.461338 3.27468
-0.543186 3.25261
-0.624215 3.22853
-0.704376 3.20247
-0.783621 3.17445
-0.861903 3.1445
-0.939176 3.11266
-1.0154 3.07895
-1.09052 3.0434
-1.1645 3.00606
-1.23729 2.96696
-1.30887 2.92612
-1.37918 2.8836
-1.44818 2.83942
-1.51584 2.79362
-1.58213 2.74625
-1.647 2.69734
-1.71042 2.64693
-1.77236 2.59507
-1.83278 2.5418
-1.89166 2.48715
-1.94896 2.43119
-2.00466 2.37394
-2.05873 2.31545
-2.11114 2.25578
-2.16186 2.19496
-2.21088 2.13304
-2.25817 2.07007
-2.3037 2.00609
-2.34747 1.94116
-2.38944 1.87532
-2.42961 1.80862
-2.46796 1.74111
-2.50446 1.67284
-2.53912 1.60385
-2.57191 1.5342
-2.60282 1.46393
-2.63186 1.3931
-2.65899 1.32176
-2.68423 1.24995
-2.70756 1.17772
-2.72898 1.10513
-2.74848 1.03222
-2.76607 0.959046
-2.78174 0.885656
-2.7955 0.812098
-2.80734 0.738422
-2.81727 0.664678
-2.82529 0.590913
-2.83141 0.517178
-2.83563 0.443519
-2.83797 0.369985
-2.83843 0.296623
-2.83702 0.223481
-2.83376 0.150606
-2.82865 0.0780438
-2.82171 0.00584032
-2.81296 -0.0659588
-2.80241 -0.137309
-2.79008 -0.208166
-2.77598 -0.278485
-2.76014 -0.348224
-2.74257 -0.41734
-2.7233 -0.485791
-2.70236 -0.553536
-2.67975 -0.620534
-2.65551 -0.686747
-2.62967 -0.752133
-2.60224 -0.816656
-2.57325 -0.880278
-2.54274 -0.942961
-2.51073 -1.00467
-2.47726 -1.06537
-2.44234 -1.12503
-2.40602 -1.18361
-2.36832 -1.24108
-2.32928 -1.29741
-2.28892 -1.35258
-2.2473 -1.40654
-2.20443 -1.45927
-2.16035 -1.51074
-2.1151 -1.56093
-2.06872 -1.60982
-2.02125 -1.65736
-1.97271 -1.70355
-1.92315 -1.74836
-1.87261 -1.79177
-1.82112 -1.83375
-1.76873 -1.8743
-1.71547 -1.91338
-1.66138 -1.95098
-1.60651 -1.98709
-1.5509 -2.02169
-1.49457 -2.05477
-1.43759 -2.08631
-1.37998 -2.1163
-1.32179 -2.14472
-1.26306 -2.17158
-1.20384 -2.19686
-1.14415 -2.22056
-1.08406 -2.24266
-1.02359 -2.26316
-0.962785 -2.28206
-0.901696 -2.29936
-0.840359 -2.31504
-0.778816 -2.32912
-0.717109 -2.34158
-0.655281 -2.35244
-0.59337 -2.36168
-0.53142 -2.36933
-0.469471 -2.37537
-0.407564 -2.37982
-0.345739 -2.38269
-0.284035 -2.38396
-0.222494 -2.38367
-0.161155 -2.38181
-0.100056 -2.3784
-0.0392373 -2.37344
0.0212638 -2.36695
0.0814089 -2.35894
0.141161 -2.34943
0.200482 -2.33843
0.259336 -2.32595
0.317687 -2.31202
0.3755 -2.29664
0.432739 -2.27985
0.489371 -2.26165
0.545361 -2.24206
0.600676 -2.22112
0.655283 -2.19883
0.709152 -2.17523
0.76225 -2.15032
0.814547 -2.12415
0.866013 -2.09673
0.916619 -2.06808
0.966337 -2.03824
1.01514 -2.00723
1.063 -1.97508
1.10989 -1.9418
1.15578 -1.90744
1.20066 -1.87203
1.2445 -1.83558
1.28727 -1.79813
1.32895 -1.75971
1.36952 -1.72035
1.40896 -1.68009
1.44726 -1.63894
1.48439 -1.59696
1.52033 -1.55416
1.55507 -1.51058
1.58859 -1.46626
1.62088 -1.42122
1.65192 -1.3755
1.6817 -1.32914
1.71021 -1.28217
1.73743 -1.23462
1.76335 -1.18653
1.78798 -1.13793
1.81128 -1.08885
1.83327 -1.03934
1.85393 -0.989427
1.87325 -0.939144
1.89123 -0.888529
1.90787 -0.837615
1.92316 -0.786439
1.9371 -0.735036
1.94968 -0.68344
1.96092 -0.631687
1.9708 -0.579811
1.97934 -0.527847
1.98652 -0.47583
1.99236 -0.423794
1.99685 -0.371774
2.00001 -0.319804
2.00184 -0.267918
2.00234 -0.216148
2.00152 -0.16453
1.99939 -0.113094
1.99596 -0.0618757
1.99124 -0.0109059
1.98524 0.0397831
1.97796 0.0901596
1.96943 0.140192
1.95965 0.18985
1.94864 0.239102
1.93641 0.287919
1.92298 0.33627
1.90836 0.384128
1.89257 0.431462
1.87562 0.478246
1.85754 0.524451
1.83834 0.57005
1.81804 0.615016
1.79666 0.659325
1.77422 0.70295
1.75074 0.745867
1.72624 0.78805
1.70075 0.829478
1.67428 0.870126
1.64687 0.909973
1.61852 0.948997
1.58928 0.987176
1.55915 1.02449
1.52817 1.06092
1.49636 1.09645
1.46375 1.13106
1.43036 1.16473
1.39622 1.19744
1.36135 1.22918
1.32579 1.25993
1.28956 1.28968
1.25268 1.31842
1.21519 1.34613
1.17711 1.3728
1.13848 1.39841
1.09931 1.42296
1.05965 1.44644
1.01951 1.46883
0.978926 1.49013
0.937931 1.51033
0.896552 1.52943
0.854817 1.54741
0.812756 1.56428
0.770399 1.58002
0.727775 1.59463
0.684914 1.60811
0.641845 1.62046
0.598598 1.63168
0.555202 1.64176
0.511686 1.65071
0.46808 1.65852
0.424413 1.66519
0.380714 1.67074
0.337012 1.67515
0.293335 1.67844
0.249712 1.68061
0.206172 1.68166
0.162742 1.6816
0.119451 1.68043
0.0763261 1.67817
0.0333947 1.67482
-0.0093159 1.67038
-0.0517789 1.66488
-0.093968 1.65831
-0.135857 1.65069
-0.17742 1.64203
-0.218631 1.63233
-0.259466 1.62162
-0.299899 1.60991
-0.339908 1.5972
-0.379466 1.58351
-0.418551 1.56886
-0.457141 1.55327
-0.495212 1.53674
-0.532743 1.51929
-0.569711 1.50095
-0.606096 1.48172
-0.641877 1.46163
-0.677035 1.44069
-0.711548 1.41892
-0.745399 1.39635
-0.778569 1.37298
-0.81104 1.34884
-0.842795 1.32396
-0.873816 1.29834
-0.904087 1.27202
-0.933594 1.245
-0.96232 1.21733
-0.990252 1.18901
-1.01738 1.16007
-1.04368 1.13053
-1.06914 1.10041
-1.09376 1.06974
-1.11753 1.03854
-1.14042 1.00684
-1.16244 0.974651
-1.18356 0.942006
-1.20379 0.908926
-1.22312 0.875436
-1.24153 0.84156
-1.25902 0.807322
-1.27559 0.772747
-1.29122 0.73786
-1.30592 0.702686
-1.31967 0.667248
-1.33249 0.631573
-1.34435 0.595684
-1.35526 0.559606
-1.36522 0.523365
-1.37423 0.486984
-1.38228 0.450489
-1.38938 0.413905
-1.39553 0.377255
-1.40072 0.340565
-1.40497 0.303858
-1.40827 0.267158
-1.41062 0.230491
-1.41203 0.19388
-1.41251 0.157348
-1.41206 0.120919
-1.41068 0.0846166
-1.40838 0.0484637
-1.40517 0.0124834
-1.40106 -0.0233017
-1.39605 -0.0588694
-1.39014 -0.0941975
-1.38336 -0.129264
-1.37571 -0.164047
-1.3672 -0.198526
-1.35784 -0.232679
-1.34763 -0.266487
-1.3366 -0.299929
-1.32476 -0.332984
-1.31211 -0.365634
-1.29867 -0.397859
-1.28445 -0.42964
-1.26947 -0.46096
-1.25374 -0.4918
-1.23727 -0.522142
-1.22009 -0.551969
-1.2022 -0.581266
-1.18362 -0.610015
-1.16437 -0.6382
-1.14446 -0.665807
-1.12391 -0.69282
-1.10274 -0.719226
-1.08097 -0.745009
-1.0586 -0.770158
-1.03567 -0.794658
-1.01219 -0.818497
-0.988176 -0.841664
-0.963648 -0.864147
-0.938626 -0.885935
-0.913128 -0.907018
-0.887174 -0.927386
-0.860784 -0.947029
-0.833977 -0.965939
-0.806774 -0.984107
-0.779195 -1.00153
-0.751259 -1.01819
-0.722988 -1.03409
-0.694401 -1.04922
-0.66552 -1.06357
-0.636365 -1.07715
-0.606956 -1.08994
-0.577315 -1.10194
-0.547462 -1.11315
-0.517418 -1.12357
-0.487203 -1.13318
-0.45684 -1.142
-0.426348 -1.15002
-0.395748 -1.15724
-0.365061 -1.16366
-0.334307 -1.16927
-0.303508 -1.17409
-0.272683 -1.17811
-0.241853 -1.18133
-0.211039 -1.18375
-0.18026 -1.18539
-0.149537 -1.18623
-0.118889 -1.1863
-0.0883356 -1.18558
-0.0578973 -1.18409
-0.027593 -1.18182
0.00255799 -1.1788
0.0325372 -1.17501
0.0623253 -1.17048
0.0919042 -1.1652
0.121255 -1.15919
0.150361 -1.15245
0.179204 -1.14499
0.207766 -1.13682
0.23603 -1.12794
0.263978 -1.11838
0.291596 -1.10814
0.318866 -1.09723
0.345772 -1.08565
0.372299 -1.07343
0.398431 -1.06058
0.424154 -1.04709
0.449453 -1.033
0.474313 -1.01831
0.498721 -1.00303
0.522664 -0.98718
0.546128 -0.970771
0.569101 -0.953816
0.591569 -0.93633
0.613522 -0.918327
0.634948 -0.899823
0.655835 -0.880833
0.676174 -0.86137
0.695953 -0.841452
0.715163 -0.821094
0.733795 -0.800311
0.751839 -0.779119
0.769287 -0.757536
0.786131 -0.735577
0.802363 -0.713258
0.817977 -0.690597
0.832964 -0.66761
0.84732 -0.644315
0.861038 -0.620728
0.874112 -0.596866
0.886538 -0.572747
0.898312 -0.548388
0.909428 -0.523806
0.919885 -0.499019
0.929677 -0.474044
0.938804 -0.448899
0.947262 -0.423601
0.95505 -0.398167
0.962166 -0.372616
0.96861 -0.346964
0.974381 -0.32123
0.979479 -0.295429
0.983904 -0.269581
0.987658 -0.243701
0.990742 -0.217808
0.993158 -0.191917
0.994907 -0.166047
0.995993 -0.140214
0.996418 -0.114435
0.996186 -0.0887266
0.9953 -0.063105
0.993766 -0.0375868
0.991587 -0.0121881
0.988769 0.013075
0.985318 0.0381868
0.981238 0.0631316
0.976537 0.0878939
0.971221 0.112458
0.965296 0.13681
0.958771 0.160935
0.951653 0.184817
0.943949 0.208443
0.935669 0.231798
0.926821 0.254869
0.917414 0.277643
0.907457 0.300105
0.89696 0.322242
0.885933 0.344043
0.874387 0.365495
0.862331 0.386586
0.849776 0.407303
0.836734 0.427635
0.823216 0.447572
0.809234 0.467101
0.794799 0.486214
0.779923 0.504899
0.764619 0.523146
0.748899 0.540947
0.732775 0.558292
0.716261 0.575172
0.69937 0.591578
0.682115 0.607503
0.66451 0.622939
0.646567 0.637878
0.6283 0.652314
0.609724 0.666239
0.590853 0.679648
0.571699 0.692535
0.552279 0.704894
0.532605 0.716719
0.512693 0.728007
0.492556 0.738753
0.472209 0.748953
0.451667 0.758603
0.430944 0.767699
0.410056 0.77624
0.389016 0.784223
0.367839 0.791645
0.34654 0.798506
0.325134 0.804802
0.303635 0.810535
0.282058 0.815702
0.260418 0.820304
0.238729 0.824341
0.217006 0.827814
0.195263 0.830723
0.173515 0.83307
0.151775 0.834856
0.130059 0.836083
0.108379 0.836754
0.0867515 0.836872
0.0651889 0.836439
0.0437053 0.835459
0.0223144 0.833935
0.00102971 0.831872
-0.0201354 0.829274
-0.0411676 0.826146
-0.0620538 0.822493
-0.0827813 0.81832
-0.103337 0.813632
-0.123709 0.808437
-0.143884 0.80274
-0.163851 0.796547
-0.183597 0.789867
-0.203111 0.782705
-0.222382 0.775069
-0.241397 0.766967
-0.260146 0.758406
-0.278619 0.749396
-0.296804 0.739945
-0.314691 0.73006
-0.33227 0.719752
-0.349531 0.709029
-0.366465 0.697901
-0.383063 0.686377
-0.399315 0.674467
-0.415213 0.662181
-0.430749 0.64953
-0.445913 0.636523
-0.460699 0.623172
-0.475098 0.609487
-0.489104 0.595478
-0.50271 0.581158
-0.515908 0.566536
-0.528692 0.551625
-0.541057 0.536436
-0.552997 0.52098
-0.564505 0.505269
-0.575578 0.489315
-0.58621 0.473129
-0.596397 0.456724
-0.606134 0.440112
-0.615418 0.423304
-0.624245 0.406314
-0.632612 0.389152
-0.640516 0.371832
-0.647954 0.354365
-0.654925 0.336764
-0.661426 0.319041
-0.667455 0.301209
-0.673012 0.283279
-0.678095 0.265265
-0.682704 0.247178
-0.686839 0.229032
-0.690499 0.210837
-0.693684 0.192606
-0.696395 0.174352
-0.698634 0.156087
-0.700401 0.137822
-0.701697 0.11957
-0.702526 0.101343
-0.702887 0.0831516
-0.702786 0.0650087
-0.702222 0.0469257
-0.701201 0.028914
-0.699725 0.0109851
-0.697797 -0.00684973
-0.695421 -0.0245792
-0.692602 -0.0421923
-0.689344 -0.0596782
-0.685652 -0.077026
-0.681529 -0.0942251
-0.676983 -0.111265
-0.672017 -0.128136
-0.666637 -0.144827
-0.66085 -0.161328
-0.654661 -0.177631
-0.648078 -0.193724
-0.641105 -0.209599
-0.633751 -0.225247
-0.626022 -0.240658
-0.617925 -0.255824
-0.609468 -0.270737
-0.600658 -0.285387
-0.591504 -0.299767
-0.582012 -0.313868
-0.572192 -0.327684
-0.562051 -0.341206
-0.551598 -0.354427
-0.540842 -0.367341
-0.529791 -0.379941
-0.518455 -0.39222
-0.506842 -0.404171
-0.494961 -0.41579
-0.482823 -0.427069
-0.470436 -0.438004
-0.457809 -0.44859
-0.444954 -0.458821
-0.431878 -0.468693
-0.418593 -0.478201
-0.405108 -0.487341
-0.391433 -0.496109
-0.377578 -0.504502
-0.363553 -0.512515
-0.349368 -0.520147
-0.335034 -0.527394
-0.320561 -0.534253
-0.305959 -0.540722
-0.291238 -0.5468
-0.27641 -0.552484
-0.261483 -0.557772
-0.24647 -0.562665
-0.231379 -0.56716
-0.216221 -0.571256
-0.201007 -0.574955
-0.185747 -0.578255
-0.170451 -0.581156
-0.155129 -0.583658
-0.139792 -0.585764
-0.12445 -0.587472
-0.109113 -0.588785
-0.0937909 -0.589703
-0.0784938 -0.590229
-0.0632315 -0.590364
-0.048014 -0.59011
-0.0328509 -0.58947
-0.0177519 -0.588446
-0.00272665 -0.587042
0.0122156 -0.585259
0.0270654 -0.583102
0.0418134 -0.580574
0.0564506 -0.577679
0.0709679 -0.574421
0.0853565 -0.570804
0.0996077 -0.566832
0.113713 -0.56251
0.127664 -0.557843
0.141452 -0.552835
0.155069 -0.547493
0.168508 -0.541821
0.181759 -0.535826
0.194817 -0.529512
0.207672 -0.522885
0.220319 -0.515953
0.232749 -0.508721
0.244956 -0.501195
0.256933 -0.493383
0.268673 -0.485291
0.280171 -0.476925
0.29142 -0.468293
0.302413 -0.459403
0.313146 -0.450261
0.323612 -0.440874
0.333807 -0.431251
0.343724 -0.421399
0.35336 -0.411326
0.362709 -0.40104
0.371767 -0.390548
0.380529 -0.379858
0.388992 -0.36898
0.397151 -0.357921
0.405003 -0.346689
0.412545 -0.335292
0.419773 -0.32374
0.426684 -0.31204
0.433276 -0.300202
0.439546 -0.288233
0.445492 -0.276142
0.451112 -0.263938
0.456403 -0.25163
0.461364 -0.239226
0.465994 -0.226734
0.470292 -0.214165
0.474257 -0.201526
0.477887 -0.188826
0.481183 -0.176073
0.484145 -0.163277
0.486771 -0.150446
0.489063 -0.137589
0.49102 -0.124713
0.492644 -0.111829
0.493934 -0.0989442
0.494893 -0.086067
0.495522 -0.073206
0.495821 -0.0603696
0.495793 -0.0475661
0.495439 -0.0348037
0.494761 -0.0220906
0.493762 -0.00943479
0.492445 0.00315561
0.490811 0.0156728
0.488864 0.028109
0.486607 0.0404565
0.484043 0.0527076
0.481175 0.0648548
0.478008 0.0768907
0.474544 0.0888081
0.470788 0.1006
0.466743 0.112259
0.462415 0.123778
0.457808 0.135151
0.452926 0.14637
0.447774 0.157431
0.442356 0.168325
0.436679 0.179047
0.430747 0.189591
0.424565 0.19995
0.418139 0.21012
0.411475 0.220094
0.404578 0.229867
0.397454 0.239434
0.39011 0.248789
0.38255 0.257928
0.374782 0.266846
0.366812 0.275539
0.358645 0.284001
0.350289 0.292228
0.34175 0.300217
0.333035 0.307964
0.324151 0.315465
0.315103 0.322716
0.305899 0.329713
0.296547 0.336455
0.287053 0.342937
0.277423 0.349158
0.267666 0.355114
0.257788 0.360803
0.247796 0.366222
0.237699 0.371371
0.227502 0.376246
0.217213 0.380847
0.206839 0.385171
0.196388 0.389218
0.185868 0.392986
0.175284 0.396474
0.164646 0.399683
0.153959 0.40261
0.143231 0.405257
0.13247 0.407622
0.121683 0.409706
0.110877 0.411509
0.100059 0.413032
0.0892361 0.414274
0.078416 0.415237
0.0676055 0.415922
0.0568117 0.41633
0.0460416 0.416462
0.0353021 0.416319
0.0246001 0.415904
0.0139424 0.415218
0.00333583 0.414263
-0.00721307 0.413041
-0.0176976 0.411555
-0.0281112 0.409806
-0.0384475 0.407798
-0.0487001 0.405534
-0.0588627 0.403016
-0.0689292 0.400247
-0.0788935 0.397231
-0.0887497 0.393971
-0.0984919 0.390471
-0.108114 0.386733
-0.117611 0.382763
-0.126977 0.378564
-0.136207 0.37414
-0.145295 0.369495
-0.154236 0.364633
-0.163025 0.359559
-0.171658 0.354278
-0.180129 0.348793
-0.188433 0.343111
-0.196567 0.337235
-0.204526 0.331171
-0.212305 0.324923
-0.219901 0.318498
-0.22731 0.311899
-0.234527 0.305133
-0.24155 0.298204
-0.248374 0.291119
-0.254996 0.283882
-0.261413 0.2765
-0.267622 0.268977
-0.27362 0.261321
-0.279405 0.253536
-0.284973 0.245629
-0.290323 0.237604
-0.295451 0.229469
-0.300357 0.22123
-0.305037 0.212891
-0.309491 0.20446
-0.313715 0.195942
-0.31771 0.187343
-0.321474 0.17867
-0.325005 0.169929
-0.328303 0.161125
-0.331366 0.152265
-0.334194 0.143355
-0.336787 0.134401
-0.339143 0.12541
-0.341264 0.116387
-0.343148 0.107339
-0.344796 0.0982708
-0.346208 0.0891896
-0.347385 0.0801011
-0.348327 0.0710114
-0.349034 0.0619264
-0.349509 0.0528521
-0.349751 0.0437943
-0.349762 0.0347589
-0.349542 0.0257518
-0.349095 0.0167787
-0.348421 0.0078452
-0.347521 -0.00104294
-0.346398 -0.00988015
-0.345054 -0.0186609
-0.343491 -0.0273798
-0.341711 -0.0360314
-0.339717 -0.0446104
-0.33751 -0.0531117
-0.335094 -0.06153
-0.332472 -0.0698602
-0.329646 -0.0780975
-0.32662 -0.086237
-0.323396 -0.0942737
-0.319977 -0.102203
-0.316368 -0.110021
-0.312571 -0.117722
-0.30859 -0.125302
-0.30443 -0.132756
-0.300092 -0.140082
-0.295582 -0.147274
-0.290903 -0.154329
-0.286059 -0.161242
-0.281055 -0.16801
-0.275895 -0.17463
-0.270582 -0.181098
-0.265122 -0.18741
-0.259518 -0.193563
-0.253775 -0.199554
-0.247898 -0.20538
-0.241892 -0.211039
-0.23576 -0.216526
-0.229508 -0.221841
-0.223141 -0.22698
-0.216663 -0.23194
-0.210079 -0.23672
-0.203395 -0.241317
-0.196614 -0.24573
-0.189743 -0.249957
-0.182786 -0.253995
-0.175748 -0.257844
-0.168634 -0.261501
-0.16145 -0.264966
-0.154201 -0.268237
-0.146891 -0.271314
-0.139525 -0.274195
-0.13211 -0.276879
-0.12465 -0.279366
-0.11715 -0.281656
-0.109615 -0.283748
-0.102051 -0.285641
-0.0944631 -0.287336
-0.0868557 -0.288833
-0.0792341 -0.290131
-0.0716036 -0.291232
-0.0639692 -0.292135
-0.0563359 -0.29284
-0.0487087 -0.29335
-0.0410926 -0.293663
-0.0334925 -0.293782
-0.0259135 -0.293708
-0.0183602 -0.29344
-0.0108375 -0.292982
-0.00335021 -0.292333
0.00409694 -0.291496
0.0114993 -0.290473
0.0188523 -0.289264
0.0261514 -0.287872
0.033392 -0.286298
0.0405697 -0.284546
0.0476802 -0.282616
0.0547192 -0.280512
0.0616825 -0.278235
0.0685659 -0.275788
0.0753653 -0.273174
0.0820767 -0.270395
0.0886963 -0.267454
0.0952202 -0.264354
0.101645 -0.261098
0.107966 -0.257689
0.114181 -0.254129
0.120285 -0.250423
0.126276 -0.246573
0.132151 -0.242583
0.137905 -0.238456
0.143536 -0.234196
0.149041 -0.229806
0.154416 -0.225289
0.15966 -0.220651
0.16477 -0.215893
0.169742 -0.21102
0.174575 -0.206037
0.179265 -0.200946
0.183812 -0.195752
0.188212 -0.190458
0.192463 -0.18507
0.196564 -0.17959
0.200512 -0.174023
0.204307 -0.168373
0.207945 -0.162645
0.211427 -0.156842
0.21475 -0.150969
0.217913 -0.145029
0.220915 -0.139028
0.223755 -0.13297
0.226431 -0.126859
0.228944 -0.120698
0.231292 -0.114494
0.233475 -0.108249
0.235493 -0.101968
0.237344 -0.0956556
0.239028 -0.0893161
0.240546 -0.0829538
0.241898 -0.0765729
0.243083 -0.0701778
0.244101 -0.0637727
0.244954 -0.0573619
0.24564 -0.0509496
0.246161 -0.0445401
0.246518 -0.0381376
0.24671 -0.0317462
0.24674 -0.0253701
0.246607 -0.0190133
0.246313 -0.0126799
0.245858 -0.00637406
0.245245 -9.96253e-05
0.244474 0.0061394
0.243546 0.0123391
0.242464 0.0184957
0.241229 0.0246054
0.239842 0.0306643
0.238305 0.0366688
0.236621 0.0426154
0.23479 0.0485003
0.232816 0.05432
0.2307 0.0600712
0.228444 0.0657505
0.226051 0.0713544
0.223522 0.0768798
0.220861 0.0823234
0.218071 0.0876821
0.215152 0.092953
0.212109 0.0981329
0.208943 0.103219
0.205659 0.108209
0.202257 0.113099
0.198742 0.117888
0.195116 0.122571
0.191383 0.127148
0.187544 0.131616
0.183605 0.135971
0.179567 0.140213
0.175433 0.144339
0.171208 0.148346
0.166894 0.152234
0.162495 0.155999
0.158014 0.159641
0.153455 0.163157
0.14882 0.166546
0.144114 0.169806
0.13934 0.172937
0.134501 0.175936
0.129601 0.178802
0.124644 0.181535
0.119632 0.184133
0.114571 0.186596
0.109463 0.188922
0.104312 0.19111
0.0991209 0.193161
0.0938945 0.195073
0.0886359 0.196847
0.0833487 0.19848
0.0780367 0.199975
0.0727034 0.201329
0.0673525 0.202543
0.0619876 0.203618
0.0566123 0.204552
0.0512302 0.205347
0.0458448 0.206003
0.0404598 0.206519
0.0350786 0.206897
0.0297047 0.207137
0.0243417 0.207239
0.018993 0.207204
0.0136621 0.207034
0.00835231 0.206728
0.00306706 0.206289
-0.00219035 0.205716
-0.00741659 0.205011
-0.0126084 0.204176
-0.0177626 0.203211
-0.022876 0.202118
-0.0279455 0.200899
-0.0329679 0.199554
-0.0379403 0.198086
-0.0428597 0.196496
-0.0477231 0.194786
-0.0525277 0.192957
-0.0572706 0.191013
-0.061949 0.188953
-0.0665604 0.186781
-0.0711019 0.184499
-0.075571 0.182108
-0.0799652 0.179611
-0.0842821 0.17701
-0.0885191 0.174308
-0.0926741 0.171506
-0.0967446 0.168608
-0.100729 0.165615
-0.104624 0.16253
-0.108428 0.159356
-0.11214 0.156095
-0.115757 0.15275
-0.119278 0.149323
-0.1227 0.145818
-0.126023 0.142237
-0.129243 0.138582
-0.132361 0.134857
-0.135374 0.131065
-0.138281 0.127207
-0.141081 0.123288
-0.143772 0.119311
-0.146354 0.115277
-0.148825 0.11119
-0.151184 0.107054
-0.15343 0.10287
-0.155563 0.0986423
-0.157582 0.0943738
-0.159485 0.0900674
-0.161274 0.0857262
-0.162946 0.0813532
-0.164501 0.0769514
-0.16594 0.072524
-0.167261 0.0680739
-0.168465 0.0636043
-0.169552 0.0591181
-0.170521 0.0546184
-0.171373 0.0501083
-0.172107 0.0455907
-0.172723 0.0410687
-0.173223 0.0365453
-0.173607 0.0320235
-0.173874 0.0275061
-0.174025 0.0229962
-0.174061 0.0184967
-0.173982 0.0140104
-0.17379 0.00954038
-0.173484 0.00508929
-0.173067 0.000660016
-0.172538 -0.00374467
-0.171898 -0.00812201
-0.171149 -0.0124693
-0.170292 -0.0167837
-0.169328 -0.0210628
-0.168258 -0.0253039
-0.167084 -0.0295043
-0.165806 -0.0336616
-0.164427 -0.0377734
-0.162947 -0.041837
-0.161369 -0.0458502
-0.159693 -0.0498106
-0.157922 -0.0537159
-0.156058 -0.0575637
-0.154101 -0.0613521
-0.152054 -0.0650787
-0.149919 -0.0687415
-0.147698 -0.0723384
-0.145391 -0.0758674
-0.143003 -0.0793267
-0.140534 -0.0827143
-0.137986 -0.0860283
-0.135363 -0.0892672
-0.132665 -0.092429
-0.129895 -0.0955123
-0.127056 -0.0985154
-0.124149 -0.101437
-0.121177 -0.104275
-0.118142 -0.107029
-0.115046 -0.109696
-0.111893 -0.112277
-0.108684 -0.114769
-0.105421 -0.117172
-0.102108 -0.119484
-0.0987466 -0.121705
-0.095339 -0.123833
-0.0918882 -0.125867
-0.0883964 -0.127808
-0.0848663 -0.129654
-0.0813003 -0.131403
-0.0777011 -0.133057
-0.0740712 -0.134614
-0.0704132 -0.136074
-0.0667295 -0.137436
-0.0630228 -0.1387
-0.0592957 -0.139865
-0.0555506 -0.140933
-0.0517902 -0.141901
-0.0480171 -0.142771
-0.0442337 -0.143542
-0.0404427 -0.144215
-0.0366464 -0.144788
-0.0328476 -0.145264
-0.0290487 -0.145641
-0.0252521 -0.145921
-0.0214604 -0.146103
-0.017676 -0.146188
-0.0139014 -0.146176
-0.010139 -0.146069
-0.00639125 -0.145866
-0.00266045 -0.145569
0.00105104 -0.145177
0.00474084 -0.144692
0.00840668 -0.144115
0.0120463 -0.143447
0.0156574 -0.142688
0.0192378 -0.14184
0.0227853 -0.140903
0.0262979 -0.139879
0.0297733 -0.138768
0.0332094 -0.137573
0.0366044 -0.136295
0.0399561 -0.134933
0.0432625 -0.133491
0.0465219 -0.13197
0.0497323 -0.13037
0.0528919 -0.128694
0.0559989 -0.126942
0.0590515 -0.125117
0.062048 -0.12322
0.0649868 -0.121253
0.0678664 -0.119218
0.0706851 -0.117115
0.0734413 -0.114947
0.0761338 -0.112717
0.078761 -0.110424
0.0813216 -0.108072
0.0838143 -0.105663
0.0862378 -0.103197
0.088591 -0.100678
0.0908727 -0.0981068
0.0930817 -0.0954856
0.0952171 -0.0928165
0.0972779 -0.0901015
0.0992631 -0.0873427
0.101172 -0.084542
0.103003 -0.0817017
0.104757 -0.0788237
0.106432 -0.0759101
0.108027 -0.0729632
0.109542 -0.069985
0.110977 -0.0669776
0.112331 -0.0639432
0.113603 -0.0608839
0.114794 -0.057802
0.115902 -0.0546994
0.116928 -0.0515785
0.117871 -0.0484413
0.118731 -0.04529
0.119509 -0.0421267
0.120204 -0.0389537
0.120815 -0.035773
0.121344 -0.0325867
0.121791 -0.0293971
0.122154 -0.0262062
0.122436 -0.0230161
0.122635 -0.0198288
0.122752 -0.0166466
0.122789 -0.0134714
0.122744 -0.0103053
0.122619 -0.00715039
0.122414 -0.00400856
0.12213 -0.000881859
0.121767 0.00222776
0.121326 0.00531833
0.120808 0.00838794
0.120214 0.0114347
0.119544 0.0144567
0.118799 0.0174522
0.11798 0.0204192
0.117089 0.0233561
0.116125 0.026261
0.115091 0.0291322
0.113987 0.0319681
0.112814 0.0347669
0.111573 0.0375271
0.110267 0.040247
0.108895 0.0429251
0.10746 0.0455598
0.105962 0.0481498
0.104403 0.0506934
0.102784 0.0531894
0.101106 0.0556363
0.0993722 0.0580328
0.0975824 0.0603777
0.0957387 0.0626696
0.0938424 0.0649074
0.0918953 0.0670898
0.0898987 0.0692159
0.0878544 0.0712845
0.0857638 0.0732945
0.0836288 0.075245
0.0814508 0.0771351
0.0792317 0.0789638
0.076973 0.0807303
0.0746765 0.0824337
0.072344 0.0840733
0.069977 0.0856485
0.0675775 0.0871584
0.0651471 0.0886026
0.0626877 0.0899804
0.060201 0.0912912
0.0576887 0.0925347
0.0551528 0.0937103
0.0525949 0.0948177
0.050017 0.0958566
0.0474207 0.0968266
0.044808 0.0977274
0.0421806 0.098559
0.0395403 0.0993211
0.036889 0.100014
0.0342284 0.100637
0.0315603 0.10119
0.0288866 0.101674
0.0262091 0.102088
0.0235294 0.102432
0.0208494 0.102708
0.0181709 0.102914
0.0154956 0.103052
0.0128252 0.103121
0.0101614 0.103122
0.0075061 0.103055
0.00486084 0.102921
0.00222733 0.10272
-0.000392773 0.102453
-0.00299781 0.102119
-0.00558613 0.101721
-0.00815616 0.101258
-0.0107063 0.100731
-0.013235 0.100141
-0.0157407 0.0994885
-0.0182219 0.0987742
-0.0206772 0.0979991
-0.0231049 0.0971639
-0.0255038 0.0962697
-0.0278723 0.0953172
-0.0302091 0.0943075
-0.0325129 0.0932415
-0.0347823 0.0921203
-0.037016 0.0909449
-0.0392127 0.0897164
-0.0413713 0.0884359
-0.0434905 0.0871045
-0.0455691 0.0857234
-0.0476061 0.0842937
-0.0496002 0.0828168
-0.0515505 0.0812938
-0.0534559 0.079726
-0.0553154 0.0781146
-0.0571281 0.0764611
-0.0588929 0.0747666
-0.0606091 0.0730326
-0.0622758 0.0712604
-0.0638921 0.0694514
-0.0654573 0.067607
-0.0669707 0.0657286
-0.0684315 0.0638176
-0.069839 0.0618754
-0.0711928 0.0599036
-0.072492 0.0579036
-0.0737364 0.0558769
-0.0749252 0.0538248
-0.0760581 0.0517491
-0.0771346 0.049651
-0.0781543 0.0475322
-0.079117 0.0453941
-0.0800222 0.0432383
-0.0808697 0.0410662
-0.0816592 0.0388794
-0.0823907 0.0366795
-0.0830639 0.0344679
-0.0836787 0.0322461
-0.084235 0.0300157
-0.0847329 0.0277782
-0.0851722 0.0255351
-0.0855531 0.0232879
-0.0858757 0.021038
-0.08614 0.0187871
-0.0863461 0.0165365
-0.0864944 0.0142878
-0.0865851 0.0120425
-0.0866183 0.00980185
-0.0865944 0.00756747
-0.0865137 0.00534074
-0.0863767 0.00312309
-0.0861837 0.000915915
-0.0859351 -0.00127937
-0.0856315 -0.00346141
-0.0852733 -0.00562885
-0.0848611 -0.00778034
-0.0843955 -0.00991456
-0.0838771 -0.0120302
-0.0833065 -0.014126
-0.0826843 -0.0162006
-0.0820114 -0.0182529
-0.0812884 -0.0202816
-0.080516 -0.0222855
-0.0796951 -0.0242634
-0.0788265 -0.0262142
-0.077911 -0.0281368
-0.0769494 -0.03003
-0.0759428 -0.0318928
-0.0748919 -0.033724
-0.0737978 -0.0355228
-0.0726613 -0.0372881
-0.0714835 -0.0390189
-0.0702655 -0.0407142
-0.0690081 -0.0423733
-0.0677125 -0.0439951
-0.0663797 -0.0455788
-0.0650109 -0.0471237
-0.063607 -0.0486288
-0.0621694 -0.0500935
-0.0606989 -0.051517
-0.0591969 -0.0528986
-0.0576645 -0.0542376
-0.0561029 -0.0555334
-0.0545132 -0.0567854
-0.0528967 -0.0579931
-0.0512546 -0.0591557
-0.049588 -0.060273
-0.0478984 -0.0613443
-0.0461867 -0.0623693
-0.0444545 -0.0633475
-0.0427027 -0.0642785
-0.0409329 -0.0651621
-0.0391461 -0.0659978
-0.0373437 -0.0667854
-0.035527 -0.0675247
-0.0336972 -0.0682155
-0.0318556 -0.0688575
-0.0300034 -0.0694507
-0.028142 -0.0699949
-0.0262727 -0.07049
-0.0243966 -0.070936
-0.0225152 -0.0713328
-0.0206295 -0.0716805
-0.018741 -0.0719792
-0.0168508 -0.0722289
-0.0149602 -0.0724297
-0.0130705 -0.0725818
-0.0111829 -0.0726854
-0.00929858 -0.0727406
-0.00741882 -0.0727477
-0.0055448 -0.0727069
-0.00367773 -0.0726186
-0.00181881 -0.0724831
3.08097e-05 -0.0723007
0.00186996 -0.0720719
0.00369749 -0.0717969
0.00551225 -0.0714764
0.00731313 -0.0711107
0.00909903 -0.0707004
0.0108689 -0.0702459
0.0126215 -0.0697478
0.014356 -0.0692067
0.0160713 -0.0686232
0.0177663 -0.0679979
0.01944 -0.0673314
0.0210915 -0.0666245
0.0227198 -0.0658778
0.024324 -0.065092
0.0259031 -0.0642679
0.0274563 -0.0634063
0.0289827 -0.0625078
0.0304814 -0.0615733
0.0319516 -0.0606037
0.0333925 -0.0595997
0.0348033 -0.0585623
0.0361832 -0.0574922
0.0375316 -0.0563904
0.0388477 -0.0552577
0.0401309 -0.0540952
0.0413804 -0.0529037
0.0425956 -0.0516841
0.0437761 -0.0504375
0.044921 -0.0491648
0.04603 -0.047867
0.0471025 -0.046545
0.048138 -0.0452
0.049136 -0.0438328
0.050096 -0.0424446
0.0510177 -0.0410363
0.0519007 -0.039609
0.0527446 -0.0381638
0.053549 -0.0367017
0.0543138 -0.0352237
0.0550385 -0.0337309
0.0557229 -0.0322244
0.0563669 -0.0307052
0.0569702 -0.0291744
0.0575327 -0.0276332
0.0580541 -0.0260824
0.0585345 -0.0245233
0.0589737 -0.0229569
0.0593717 -0.0213843
0.0597284 -0.0198065
0.0600438 -0.0182246
0.060318 -0.0166397
0.060551 -0.0150528
0.060743 -0.013465
0.0608939 -0.0118773
0.0610039 -0.0102908
0.0610733 -0.00870643
0.0611021 -0.00712534
0.0610906 -0.0055485
0.0610391 -0.00397693
0.0609477 -0.00241163
0.0608168 -0.000853604
0.0606467 0.000696186
0.0604376 0.00223677
0.0601901 0.00376717
0.0599044 0.00528644
0.0595809 0.00679366
0.0592202 0.0082879
0.0588225 0.00976825
0.0583885 0.0112338
0.0579185 0.0126837
0.0574132 0.0141171
0.056873 0.015533
0.0562984 0.0169308
0.0556901 0.0183096
0.0550487 0.0196685
0.0543747 0.0210068
0.0536688 0.0223238
0.0529316 0.0236186
0.0521638 0.0248907
0.0513661 0.0261391
0.0505391 0.0273634
0.0496836 0.0285627
0.0488002 0.0297365
0.0478898 0.0308841
0.0469531 0.0320049
0.0459908 0.0330984
0.0450038 0.0341639
0.0439927 0.035201
0.0429585 0.0362091
0.0419019 0.0371877
0.0408237 0.0381363
0.0397248 0.0390545
0.038606 0.0399419
