0.001181 1.365232
0.002362 1.359216
0.0035430002 1.3525467
0.004724 1.3452327
0.005905 1.3372822
0.007086 1.328704
0.008267 1.3195075
0.009448 1.3097022
0.010629 1.2992976
0.01181 1.2883044
0.012991 1.2767327
0.014172 1.2645938
0.015353 1.2518985
0.016534 1.2386587
0.017715001 1.2248858
0.018896002 1.2105922
0.020077003 1.19579
0.021258004 1.1804918
0.022439005 1.1647106
0.023620006 1.1484594
0.024801007 1.1317515
0.025982007 1.1146005
0.027163008 1.0970204
0.02834401 1.0790248
0.02952501 1.0606282
0.03070601 1.0418446
0.03188701 1.0226886
0.03306801 1.0031754
0.034249008 0.98331916
0.035430007 0.9631352
0.036611006 0.9426386
0.037792005 0.9218446
0.038973004 0.90076846
0.040154003 0.87942576
0.041335 0.85783195
0.042516 0.83600265
0.043697 0.8139536
0.044878 0.7917005
0.046058998 0.769259
0.047239996 0.74664503
0.048420995 0.72387445
0.049601994 0.700963
0.050782993 0.67792654
0.051963992 0.6547811
0.05314499 0.63154227
0.05432599 0.608226
0.05550699 0.584848
0.05668799 0.5614239
0.057868987 0.53796947
0.059049986 0.5145002
0.060230985 0.49103177
0.061411984 0.46757936
0.06259298 0.4441584
0.06377398 0.42078415
0.06495498 0.39747164
0.06613598 0.3742358
0.06731698 0.3510915
0.06849798 0.3280535
0.06967898 0.30513626
0.070859976 0.2823542
0.072040975 0.25972152
0.073221974 0.2372522
0.07440297 0.21496013
0.07558397 0.19285895
0.07676497 0.17096208
0.07794597 0.14928278
0.07912697 0.12783404
0.08030797 0.10662866
0.08148897 0.08567922
0.082669966 0.064997986
0.083850965 0.04459709
0.085031964 0.024488322
0.08621296 0.004683245
0.08739396 -0.014806837
0.08857496 -0.0339709
0.08975596 -0.052798197
0.09093696 -0.07127826
0.09211796 -0.0894009
0.09329896 -0.10715624
0.094479956 -0.12453468
0.095660955 -0.14152694
0.09684195 -0.15812403
0.09802295 -0.17431729
0.09920395 -0.19009833
0.10038495 -0.20545915
0.10156595 -0.22039199
0.10274695 -0.2348895
0.10392795 -0.24894461
0.10510895 -0.26255056
0.106289946 -0.27570096
0.107470945 -0.28838974
0.10865194 -0.3006112
0.10983294 -0.31235993
0.11101394 -0.32363087
0.11219494 -0.3344193
0.11337594 -0.34472087
0.11455694 -0.35453162
0.11573794 -0.3638478
0.11691894 -0.37266615
0.118099935 -0.38098362
0.119280934 -0.3887976
0.12046193 -0.39610583
0.12164293 -0.40290636
0.12282393 -0.40919757
0.12400493 -0.4149782
0.12518594 -0.4202474
0.12636694 -0.42500454
0.12754795 -0.42924938
0.12872896 -0.43298203
0.12990996 -0.43620297
0.13109097 -0.43891296
0.13227198 -0.44111308
0.13345298 -0.44280475
0.13463399 -0.44398978
0.135815 -0.44467026
0.136996 -0.44484857
0.138177 -0.44452742
0.13935801 -0.4437099
0.14053902 -0.44239935
0.14172003 -0.4405993
0.14290103 -0.43831375
0.14408204 -0.43554708
0.14526305 -0.4323037
0.14644405 -0.42858845
0.14762506 -0.4244064
0.14880607 -0.4213736
0.14998707 -0.41808105
0.15116808 -0.41453236
0.15234908 -0.41073138
0.15353009 -0.40668198
0.1547111 -0.40238824
0.1558921 -0.39785442
0.15707311 -0.39308476
0.15825412 -0.3880838
0.15943512 -0.38285607
0.16061613 -0.3774063
0.16179714 -0.37173936
0.16297814 -0.36586016
0.16415915 -0.3597738
0.16534016 -0.3534855
0.16652116 -0.34700042
0.16770217 -0.340324
0.16888317 -0.33346167
0.17006418 -0.32641906
0.17124519 -0.31920174
0.1724262 -0.31181547
0.1736072 -0.30426607
0.1747882 -0.29655936
0.17596921 -0.2887014
0.17715022 -0.28069812
0.17833123 -0.27255568
0.17951223 -0.26428014
0.18069324 -0.2558777
0.18187425 -0.24735464
0.18305525 -0.23871721
0.18423626 -0.22997174
0.18541726 -0.22112457
0.18659827 -0.21218215
0.18777928 -0.20315084
0.18896028 -0.19403708
0.19014129 -0.18484731
0.1913223 -0.17558804
0.1925033 -0.16626573
0.19368431 -0.15688685
0.19486532 -0.14745788
0.19604632 -0.13798532
0.19722733 -0.12847562
0.19840834 -0.11893526
0.19958934 -0.109370664
0.20077035 -0.09978827
0.20195135 -0.090194464
0.20313236 -0.08059563
0.20431337 -0.070998065
0.20549437 -0.061408088
0.20667538 -0.051831968
0.20785639 -0.042275913
0.2090374 -0.0327461
0.2102184 -0.02324862
0.2113994 -0.013789546
0.21258041 -0.004374873
0.21376142 0.004989464
0.21494243 0.014297599
0.21612343 0.02354373
0.21730444 0.032722134
0.21848544 0.041827165
0.21966645 0.05085325
0.22084746 0.059794907
0.22202846 0.06864673
0.22320947 0.077403426
0.22439048 0.086059764
0.22557148 0.09461063
0.22675249 0.10305101
0.2279335 0.111375965
0.2291145 0.119580686
0.23029551 0.12766047
0.23147652 0.1356107
0.23265752 0.14342688
0.23383853 0.15110464
0.23501953 0.15863974
0.23620054 0.166028
0.23738155 0.1732654
0.23856255 0.18034804
0.23974356 0.18727218
0.24092457 0.1940341
0.24210557 0.20063032
0.24328658 0.20705742
0.24446759 0.21331218
0.2456486 0.21939136
0.2468296 0.22529207
0.2480106 0.23101138
0.24919161 0.23654658
0.25037262 0.24189505
0.25155362 0.24705437
0.25273463 0.2520222
0.25391564 0.25679633
0.25509664 0.26137474
0.25627765 0.26575553
0.25745866 0.26993698
0.25863966 0.27391738
0.25982067 0.27769536
0.26100168 0.28126946
0.26218268 0.28463855
0.2633637 0.2878016
0.2645447 0.29075763
0.2657257 0.2935059
0.2669067 0.2960458
0.26808771 0.29837683
0.26926872 0.3004986
0.27044973 0.30241096
0.27163073 0.30411375
0.27281174 0.3056071
0.27399275 0.30689123
0.27517375 0.30796644
0.27635476 0.3088332
0.27753577 0.30949214
0.27871677 0.309944
0.27989778 0.31018966
0.2810788 0.3102301
0.2822598 0.31006652
0.2834408 0.30970004
0.2846218 0.30913216
0.2858028 0.30836436
0.28698382 0.30739832
0.28816482 0.3062357
0.28934583 0.30487844
0.29052684 0.30332854
0.29170784 0.3015881
0.29288885 0.29965934
0.29406986 0.29754454
0.29525086 0.2952462
0.29643187 0.29276687
0.29761288 0.29010916
0.29879388 0.28727582
0.2999749 0.28426978
0.3011559 0.28109393
0.3023369 0.2777513
0.3035179 0.2742451
0.3046989 0.27057847
0.30587992 0.26675478
0.30706093 0.26277745
0.30824193 0.2586499
0.30942294 0.25437573
0.31060395 0.24995859
0.31178495 0.24540214
0.31296596 0.24071023
0.31414697 0.23588666
0.31532797 0.23093535
0.31650898 0.22586028
0.31768999 0.22066548
0.318871 0.21535505
0.320052 0.20993313
0.321233 0.20440392
0.322414 0.19877164
0.32359502 0.19304056
0.32477602 0.18721506
0.32595703 0.18129948
0.32713804 0.17529818
0.32831904 0.16921563
0.32950005 0.16305628
0.33068106 0.15682457
0.33186206 0.15052506
0.33304307 0.14416222
0.33422408 0.13774064
0.33540508 0.13126482
0.3365861 0.12473938
0.3377671 0.11816884
0.3389481 0.1115578
0.3401291 0.104910806
0.3413101 0.098232456
0.34249112 0.0915273
0.34367213 0.0847999
0.34485313 0.0780548
0.34603414 0.071296535
0.34721515 0.06452963
0.34839615 0.057758555
0.34957716 0.050987795
0.35075817 0.04422181
0.35193917 0.037465006
0.35312018 0.030721767
0.35430118 0.023996457
0.3554822 0.017293395
0.3566632 0.010616848
0.3578442 0.0039710645
0.3590252 -0.0026397714
0.36020622 -0.009211507
0.36138722 -0.015740046
0.36256823 -0.022221345
0.36374924 -0.028651413
0.36493024 -0.035026312
0.36611125 -0.04134217
0.36729226 -0.047595162
0.36847326 -0.05378154
0.36965427 -0.059897617
0.37083527 -0.06593977
0.37201628 -0.07190444
0.3731973 -0.07778816
0.3743783 -0.083587505
0.3755593 -0.08929916
0.3767403 -0.094919845
0.3779213 -0.100446396
0.37910232 -0.105875716
0.38028333 -0.11120477
0.38146433 -0.11643065
0.38264534 -0.121550485
0.38382635 -0.12656151
0.38500735 -0.13146105
0.38618836 -0.13624653
0.38736936 -0.14091542
0.38855037 -0.14546534
0.38973138 -0.14989397
0.39091238 -0.15419908
0.3920934 -0.15837853
0.3932744 -0.16243029
0.3944554 -0.16635242
0.3956364 -0.17014307
0.39681742 -0.1738005
0.39799842 -0.17732307
0.39917943 -0.18070921
0.40036044 -0.18395749
0.40154144 -0.18706653
0.40272245 -0.19003505
0.40390345 -0.19286194
0.40508446 -0.1955461
0.40626547 -0.19808665
0.40744647 -0.20048267
0.40862748 -0.20273343
0.4098085 -0.20483822
0.4109895 -0.20679653
0.4121705 -0.2086079
0.4133515 -0.21027194
0.4145325 -0.21178842
0.41571352 -0.21315716
0.41689453 -0.2143781
0.41807553 -0.21545129
0.41925654 -0.21637683
0.42043754 -0.21715498
0.42161855 -0.21778606
0.42279956 -0.21827045
0.42398056 -0.21860868
0.42516157 -0.21880133
0.42634258 -0.21884915
0.42752358 -0.2187529
0.4287046 -0.21851346
0.4298856 -0.2181318
0.4310666 -0.21760893
0.4322476 -0.21694605
0.43342862 -0.21614437
0.43460962 -0.21520521
0.43579063 -0.21412994
0.43697163 -0.21292001
0.43815264 -0.21157706
0.43933365 -0.21010263
0.44051465 -0.20849852
0.44169566 -0.20676647
0.44287667 -0.20490833
0.44405767 -0.20292605
0.44523868 -0.20082165
0.4464197 -0.19859718
0.4476007 -0.19625479
0.4487817 -0.19379668
0.4499627 -0.19122514
0.4511437 -0.18854247
0.45232472 -0.18575107
0.45350572 -0.18285337
0.45468673 -0.17985193
0.45586774 -0.17674926
0.45704874 -0.17354798
0.45822975 -0.17025077
0.45941076 -0.16686036
0.46059176 -0.16337943
0.46177277 -0.15981086
0.46295378 -0.15615742
0.46413478 -0.15242204
0.4653158 -0.1486076
0.4664968 -0.14471708
0.4676778 -0.14075345
0.4688588 -0.13671973
0.4700398 -0.13261898
0.47122082 -0.12845428
0.47240183 -0.12422871
0.47358283 -0.11994538
0.47476384 -0.115607455
0.47594485 -0.11121808
0.47712585 -0.10678044
0.47830686 -0.1022977
0.47948787 -0.09777309
0.48066887 -0.0932098
0.48184988 -0.088611074
0.4830309 -0.083980106
0.4842119 -0.07932012
0.4853929 -0.07463436
0.4865739 -0.06992604
0.4877549 -0.06519838
0.48893592 -0.060454607
0.49011692 -0.055697918
0.49129793 -0.050931513
0.49247894 -0.04615859
0.49365994 -0.041382305
0.49484095 -0.036605824
0.49602196 -0.031832285
0.49720296 -0.02706481
0.49838397 -0.0223065
0.49956498 -0.017560422
0.50074595 -0.012829631
0.50192696 -0.008117148
0.50310796 -0.003425966
0.504289 0.0012409547
0.50547 0.0058806846
0.506651 0.010490326
0.507832 0.015067021
0.509013 0.01960795
0.510194 0.024110332
0.511375 0.028571423
0.512556 0.03298853
0.513737 0.03735899
0.514918 0.041680202
0.51609904 0.045949608
0.51728004 0.050164692
0.51846105 0.05432299
0.51964206 0.05842209
0.52082306 0.062459633
0.52200407 0.06643332
0.5231851 0.07034089
0.5243661 0.074180156
0.5255471 0.07794898
0.5267281 0.081645295
0.5279091 0.08526706
0.5290901 0.08881234
0.5302711 0.092279226
0.5314521 0.09566588
0.5326331 0.098970525
0.53381413 0.10219146
0.53499514 0.105327055
0.53617615 0.108375706
0.53735715 0.11133592
0.53853816 0.11420625
0.53971916 0.11698531
0.5409002 0.11967181
0.5420812 0.12226447
0.5432622 0.124762155
0.5444432 0.12716374
0.5456242 0.12946819
0.5468052 0.13167456
0.5479862 0.13378191
0.5491672 0.13578945
0.5503482 0.13769644
0.5515292 0.13950218
0.55271024 0.14120603
0.55389124 0.14280748
0.55507225 0.14430603
0.55625325 0.1457013
0.55743426 0.14699294
0.55861527 0.1481807
0.5597963 0.14926438
0.5609773 0.15024385
0.5621583 0.15111905
0.5633393 0.15189002
0.5645203 0.15255685
0.5657013 0.15311964
0.5668823 0.15357865
0.5680633 0.15393415
0.5692443 0.15418649
0.57042533 0.15433611
0.57160634 0.15438344
0.57278734 0.15432908
0.57396835 0.15417361
0.57514936 0.15391773
0.57633036 0.15356216
0.57751137 0.15310769
0.5786924 0.15255517
0.5798734 0.15190555
0.5810544 0.15115978
0.5822354 0.15031889
0.5834164 0.149384
0.5845974 0.14835623
0.5857784 0.14723678
0.5869594 0.14602692
0.5881404 0.14472795
0.58932143 0.14334121
0.59050244 0.14186811
0.59168345 0.14031015
0.59286445 0.13866879
0.59404546 0.13694559
0.59522647 0.13514215
0.5964075 0.1332601
0.5975885 0.13130112
0.5987695 0.12926692
0.5999505 0.1271593
0.6011315 0.124980025
0.6023125 0.122730955
0.6034935 0.12041395
0.6046745 0.11803092
0.6058555 0.1155838
0.60703653 0.11307457
0.60821754 0.110505216
0.60939854 0.10787777
0.61057955 0.10519429
0.61176056 0.10245686
0.61294156 0.09966758
0.61412257 0.09682858
0.6153036 0.09394199
0.6164846 0.09100998
0.6176656 0.08803475
0.6188466 0.085018486
0.6200276 0.081963405
0.6212086 0.07887175
0.6223896 0.07574573
0.6235706 0.07258762
0.6247516 0.069399655
0.62593263 0.0661841
0.62711364 0.06294324
0.62829465 0.059679337
0.62947565 0.05639466
0.63065666 0.053091496
0.63183767 0.049772117
0.6330187 0.046438787
0.6341997 0.04309379
0.6353807 0.03973938
0.6365617 0.036377825
0.6377427 0.033011355
0.6389237 0.029642226
0.6401047 0.026272655
0.6412857 0.02290487
0.6424667 0.019541066
0.64364773 0.016183436
0.64482874 0.012834147
0.64600974 0.009495354
0.64719075 0.0061691944
0.64837176 0.0028577792
0.64955276 -4.367996E-4
0.65073377 -0.0037124697
0.6519148 -0.006967187
0.6530958 -0.010198931
0.6542768 -0.013405709
0.6554578 -0.016585553
0.6566388 -0.019736528
0.6578198 -0.022856725
0.6590008 -0.02594427
0.6601818 -0.028997317
0.6613628 -0.032014053
0.66254383 -0.034992706
0.66372484 -0.037931528
0.66490585 -0.040828817
0.66608685 -0.043682903
0.66726786 -0.046492152
0.66844887 -0.04925498
0.6696299 -0.051969826
0.6708109 -0.054635182
0.6719919 -0.057249565
0.6731729 -0.059811562
0.6743539 -0.06231978
0.6755349 -0.064772874
0.6767159 -0.06716954
0.6778969 -0.06950852
0.6790779 -0.07178862
0.6802589 -0.07400866
0.68143994 -0.07616751
0.68262094 -0.07826412
0.68380195 -0.08029745
0.68498296 -0.082266524
0.68616396 -0.084170416
0.68734497 -0.08600825
0.688526 -0.08777918
0.689707 -0.08948241
0.690888 -0.09111723
0.692069 -0.09268294
0.69325 -0.0941789
0.694431 -0.09560452
0.695612 -0.096959256
0.696793 -0.098242626
0.697974 -0.09945419
0.69915503 -0.100593545
0.70033604 -0.101660386
0.70151705 -0.10265439
0.70269805 -0.10357532
0.70387906 -0.104422994
0.70506006 -0.10519726
0.7062411 -0.105898015
0.7074221 -0.10652524
0.7086031 -0.107078925
0.7097841 -0.10755912
0.7109651 -0.107965924
0.7121461 -0.10829949
0.7133271 -0.10856
0.7145081 -0.10874771
0.7156891 -0.10886291
0.7168701 -0.10890592
0.71805114 -0.10887713
0.71923214 -0.10877696
0.72041315 -0.10860588
0.72159415 -0.1083644
0.72277516 -0.10805309
0.72395617 -0.107672535
0.7251372 -0.10722338
0.7263182 -0.10670631
0.7274992 -0.106122054
0.7286802 -0.10547136
0.7298612 -0.10475505
0.7310422 -0.103973955
0.7322232 -0.103128955
0.7334042 -0.10222096
0.7345852 -0.101250924
0.73576623 -0.10021985
0.73694724 -0.099128745
0.73812824 -0.09797868
0.73930925 -0.09677073
0.74049026 -0.09550603
0.74167126 -0.09418572
0.7428523 -0.09281098
0.7440333 -0.09138302
0.7452143 -0.08990309
0.7463953 -0.08837245
0.7475763 -0.086792395
0.7487573 -0.08516424
0.7499383 -0.08348933
0.7511193 -0.08176902
0.7523003 -0.080004714
0.7534813 -0.0781978
0.75466233 -0.07634971
0.75584334 -0.074461915
0.75702435 -0.07253586
0.75820535 -0.07057303
0.75938636 -0.06857492
0.76056737 -0.066543035
0.7617484 -0.06447891
0.7629294 -0.062384088
0.7641104 -0.060260113
0.7652914 -0.058108553
0.7664724 -0.055930965
0.7676534 -0.053728934
0.7688344 -0.051504046
0.7700154 -0.04925789
0.7711964 -0.04699206
0.77237743 -0.04470816
0.77355844 -0.042407796
0.77473944 -0.040092558
0.77592045 -0.03776406
0.77710146 -0.035423912
0.77828246 -0.03307372
0.77946347 -0.030715074
0.7806445 -0.028349578
0.7818255 -0.02597882
0.7830065 -0.023604393
0.7841875 -0.021227878
0.7853685 -0.018850844
0.7865495 -0.016474862
0.7877305 -0.014101479
0.7889115 -0.011732245
0.7900925 -0.009368693
0.79127353 -0.0070123444
0.79245454 -0.0046647047
0.79363555 -0.0023272685
0.79481655 -1.5143305E-6
0.79599756 0.0023110965
0.79717857 0.0046091178
0.7983596 0.0068911226
0.7995406 0.009155702
0.8007216 0.011401467
0.8019026 0.013627047
0.8030836 0.015831094
0.8042646 0.018012282
0.8054456 0.020169308
0.8066266 0.02230089
0.8078076 0.024405768
0.80898863 0.026482714
0.81016964 0.028530521
0.81135064 0.03054801
0.81253165 0.032534022
0.81371266 0.034487434
0.81489366 0.036407143
0.81607467 0.03829208
0.8172557 0.040141195
0.8184367 0.041953493
0.8196177 0.04372798
0.8207987 0.045463704
0.8219797 0.047159746
0.8231607 0.04881521
0.8243417 0.050429247
0.8255227 0.05200102
0.8267037 0.053529747
0.82788473 0.055014655
0.82906574 0.05645502
0.83024675 0.057850152
0.83142775 0.059199385
0.83260876 0.0605021
0.83378977 0.061757695
0.8349708 0.06296561
0.8361518 0.06412533
0.8373328 0.06523635
0.8385138 0.06629824
0.8396948 0.06731055
0.8408758 0.06827292
0.8420568 0.06918499
0.8432378 0.07004644
0.8444188 0.070856996
0.84559983 0.07161641
0.84678084 0.07232448
0.84796184 0.07298102
0.84914285 0.0735859
0.85032386 0.07413901
0.85150486 0.074640274
0.85268587 0.07508966
0.8538669 0.075487174
0.8550479 0.07583284
0.8562289 0.07612671
0.8574099 0.07636891
0.8585909 0.07655956
0.8597719 0.076698825
0.8609529 0.0767869
0.8621339 0.07682403
0.8633149 0.076810464
0.86449593 0.07674651
0.86567694 0.07663249
0.86685795 0.07646875
0.86803895 0.0762557
0.86921996 0.07599375
0.87040097 0.07568334
0.871582 0.07532495
0.872763 0.07491909
0.873944 0.0744663
0.875125 0.073967144
0.876306 0.07342221
0.877487 0.0728321
0.878668 0.072197475
0.879849 0.071518995
0.88103 0.07079736
0.882211 0.070033275
0.88339204 0.0692275
0.88457304 0.06838079
0.88575405 0.06749392
0.88693506 0.066567734
0.88811606 0.06560303
0.88929707 0.06460068
0.8904781 0.06356154
0.8916591 0.06248651
0.8928401 0.0613765
0.8940211 0.060232427
0.8952021 0.05905525
0.8963831 0.05784592
0.8975641 0.05660542
0.8987451 0.055334732
0.8999261 0.05403487
0.90110713 0.05270685
0.90228814 0.051351696
0.90346915 0.049970463
0.90465015 0.048564203
0.90583116 0.04713398
0.90701216 0.045680862
0.9081932 0.044205952
0.9093742 0.042710323
0.9105552 0.041195087
0.9117362 0.039661344
0.9129172 0.038110215
0.9140982 0.036542807
0.9152792 0.034960248
0.9164602 0.033363663
0.9176412 0.031754173
0.9188222 0.030132918
0.92000324 0.028501026
0.92118424 0.02685963
0.92236525 0.025209859
0.92354625 0.02355285
0.92472726 0.02188973
0.92590827 0.020221628
0.9270893 0.018549662
0.9282703 0.016874962
0.9294513 0.015198639
0.9306323 0.013521801
0.9318133 0.011845555
0.9329943 0.010170998
0.9341753 0.008499225
0.9353563 0.0068313135
0.9365373 0.005168341
0.93771833 0.003511371
0.93889934 0.0018614591
0.94008034 2.1964964E-4
0.94126135 -0.0014130257
0.94244236 -0.0030355449
0.94362336 -0.0046468987
0.9448044 -0.0062460927
0.9459854 -0.007832143
0.9471664 -0.009404084
0.9483474 -0.010960961
0.9495284 -0.012501836
0.9507094 -0.014025787
0.9518904 -0.01553191
0.9530714 -0.017019315
0.9542524 -0.01848713
0.9554334 -0.019934501
0.95661443 -0.021360591
0.95779544 -0.02276459
0.95897645 -0.024145694
0.96015745 -0.025503127
0.96133846 -0.026836129
0.96251947 -0.028143967
0.9637005 -0.029425917
0.9648815 -0.030681288
0.9660625 -0.031909402
0.9672435 -0.033109613
0.9684245 -0.03428128
0.9696055 -0.0354238
0.9707865 -0.03653659
0.9719675 -0.037619077
0.9731485 -0.03867073
0.97432953 -0.03969103
0.97551054 -0.040679485
0.97669154 -0.04163562
0.97787255 -0.042558998
0.97905356 -0.04344919
0.98023456 -0.0443058
0.98141557 -0.045128457
0.9825966 -0.045916814
0.9837776 -0.04667054
0.9849586 -0.047389343
0.9861396 -0.04807294
0.9873206 -0.04872109
0.9885016 -0.04933356
0.9896826 -0.049910154
0.9908636 -0.050450694
0.9920446 -0.050955027
0.99322563 -0.05142303
0.99440664 -0.051854603
0.99558765 -0.052249663
0.99676865 -0.05260816
0.99794966 -0.052930057
0.99913067 -0.05321536
1.0003116 -0.05346408
1.0014926 -0.053676262
1.0026736 -0.05385198
1.0038546 -0.053991314
1.0050356 -0.054094393
1.0062166 -0.05416134
1.0073977 -0.054192323
1.0085787 -0.054187518
1.0097597 -0.05414714
1.0109407 -0.054071408
1.0121217 -0.05396057
1.0133027 -0.053814907
1.0144837 -0.053634703
1.0156647 -0.05342028
1.0168457 -0.053171962
1.0180267 -0.05289011
1.0192077 -0.0525751
1.0203887 -0.052227322
1.0215697 -0.051847197
1.0227507 -0.05143515
1.0239317 -0.05099163
1.0251127 -0.050517116
1.0262938 -0.05001209
1.0274748 -0.049477056
1.0286558 -0.048912536
1.0298368 -0.048319068
1.0310178 -0.047697205
1.0321988 -0.047047514
1.0333798 -0.046370577
1.0345608 -0.045667004
1.0357418 -0.044937395
1.0369228 -0.044182386
1.0381038 -0.043402616
1.0392848 -0.042598728
1.0404658 -0.041771397
1.0416468 -0.040921293
1.0428278 -0.040049102
1.0440089 -0.039155528
1.0451899 -0.038241275
1.0463709 -0.037307065
1.0475519 -0.036353618
1.0487329 -0.03538167
1.0499139 -0.034391973
1.0510949 -0.03338527
1.0522759 -0.032362316
1.0534569 -0.03132388
1.0546379 -0.030270733
1.0558189 -0.029203644
1.0569999 -0.028123401
1.0581809 -0.027030785
1.0593619 -0.025926577
1.060543 -0.02481158
1.061724 -0.023686578
1.062905 -0.022552373
1.064086 -0.021409757
1.065267 -0.020259531
1.066448 -0.019102495
1.067629 -0.017939445
1.06881 -0.016771182
1.069991 -0.015598502
1.071172 -0.014422201
1.072353 -0.01324307
1.073534 -0.012061901
1.074715 -0.010879483
1.075896 -0.009696599
1.077077 -0.008514031
1.078258 -0.0073325513
1.079439 -0.00615293
1.08062 -0.0049759345
1.081801 -0.0038023202
1.0829821 -0.0026328405
1.0841631 -0.0014682403
1.0853441 -3.09258E-4
1.0865251 8.4337755E-4
1.0877061 0.001988944
1.0888871 0.0031267293
1.0900681 0.0042560296
1.0912491 0.0053761504
1.0924301 0.006486408
1.0936111 0.007586129
1.0947921 0.0086746495
1.0959731 0.009751318
1.0971541 0.010815494
1.0983351 0.011866549
1.0995162 0.012903866
1.1006972 0.013926841
1.1018782 0.014934884
1.1030592 0.015927417
1.1042402 0.016903874
1.1054212 0.017863706
1.1066022 0.018806374
1.1077832 0.019731356
1.1089642 0.020638147
1.1101452 0.021526251
1.1113262 0.022395192
1.1125072 0.023244504
1.1136882 0.024073746
1.1148692 0.024882484
1.1160502 0.0256703
1.1172312 0.026436795
1.1184123 0.027181586
1.1195933 0.027904307
1.1207743 0.028604608
1.1219553 0.029282153
1.1231363 0.029936632
1.1243173 0.030567743
1.1254983 0.031175196
1.1266793 0.031758733
1.1278603 0.032318104
1.1290413 0.032853078
1.1302223 0.033363443
1.1314033 0.033849
1.1325843 0.034309573
1.1337653 0.034745
1.1349463 0.035155132
1.1361274 0.035539843
1.1373084 0.035899032
1.1384894 0.0362326
1.1396704 0.03654048
1.1408514 0.036822606
1.1420324 0.03707894
1.1432134 0.037309464
1.1443944 0.037514172
1.1455754 0.03769307
1.1467564 0.037846193
1.1479374 0.037973575
1.1491184 0.03807529
1.1502994 0.03815141
1.1514804 0.038202032
1.1526614 0.038227268
1.1538424 0.038227245
1.1550235 0.0382021
1.1562045 0.038151998
1.1573855 0.038077112
1.1585665 0.037977625
1.1597475 0.037853748
1.1609285 0.037705697
1.1621095 0.037533708
1.1632905 0.03733803
1.1644715 0.03711892
1.1656525 0.03687666
1.1668335 0.03661154
1.1680145 0.036323857
1.1691955 0.036013935
1.1703765 0.0356821
1.1715575 0.035328694
1.1727386 0.034954075
1.1739196 0.0345586
1.1751006 0.034142658
1.1762816 0.03370663
1.1774626 0.033250917
1.1786436 0.032775935
1.1798246 0.0322821
1.1810056 0.031769842
1.1821866 0.031239603
1.1833676 0.030691836
1.1845486 0.030126998
1.1857296 0.029545557
1.1869106 0.028947989
1.1880916 0.028334774
1.1892726 0.027706409
1.1904536 0.02706339
1.1916347 0.026406223
1.1928157 0.025735417
1.1939967 0.025051493
1.1951777 0.024354974
1.1963587 0.023646388
1.1975397 0.02292627
1.1987207 0.022195155
1.1999017 0.02145359
1.2010827 0.020702118
1.2022637 0.01994129
1.2034447 0.019171663
1.2046257 0.018393785
1.2058067 0.017608218
1.2069877 0.01681552
1.2081687 0.016016256
1.2093498 0.015210983
1.2105308 0.014400268
1.2117118 0.013584672
1.2128928 0.012764759
1.2140738 0.011941094
1.2152548 0.011114236
1.2164358 0.01028475
1.2176168 0.009453193
1.2187978 0.008620125
1.2199788 0.007786101
1.2211598 0.006951675
1.2223408 0.006117397
1.2235218 0.0052838153
1.2247028 0.0044514723
1.2258838 0.0036209081
1.2270648 0.0027926587
1.2282459 0.0019672562
1.2294269 0.0011452257
1.2306079 3.2708887E-4
1.2317889 -4.866391E-4
1.2329699 -0.001295448
1.2341509 -0.0020988346
1.2353319 -0.0028963017
1.2365129 -0.003687358
1.2376939 -0.004471521
1.2388749 -0.0052483133
1.2400559 -0.006017267
1.2412369 -0.0067779208
1.2424179 -0.007529822
1.2435989 -0.008272526
1.24478 -0.009005597
1.245961 -0.009728607
1.247142 -0.0104411375
1.248323 -0.011142781
1.249504 -0.011833137
1.250685 -0.012511817
1.251866 -0.013178438
1.253047 -0.013832634
1.254228 -0.014474042
1.255409 -0.015102315
1.25659 -0.015717115
1.257771 -0.01631811
1.258952 -0.016904987
1.260133 -0.017477442
1.261314 -0.018035173
1.262495 -0.018577902
1.263676 -0.019105358
1.264857 -0.019617278
1.2660381 -0.020113414
1.2672191 -0.020593531
1.2684001 -0.021057403
1.2695811 -0.021504816
1.2707621 -0.021935571
1.2719431 -0.022349475
1.2731241 -0.022746356
1.2743051 -0.02312605
1.2754861 -0.023488402
1.2766671 -0.023833271
1.2778481 -0.02416053
1.2790291 -0.024470067
1.2802101 -0.024761774
1.2813911 -0.025035562
1.2825722 -0.025291353
1.2837532 -0.02552908
1.2849342 -0.025748687
1.2861152 -0.025950132
1.2872962 -0.026133392
1.2884772 -0.026298441
1.2896582 -0.026445279
1.2908392 -0.026573911
1.2920202 -0.026684355
1.2932012 -0.02677664
1.2943822 -0.026850807
1.2955632 -0.026906913
1.2967442 -0.02694502
1.2979252 -0.02696521
1.2991062 -0.026967566
1.3002872 -0.026952188
1.3014683 -0.02691919
1.3026493 -0.026868688
1.3038303 -0.026800815
1.3050113 -0.02671572
1.3061923 -0.026613548
1.3073733 -0.026494468
1.3085543 -0.02635865
1.3097353 -0.026206281
1.3109163 -0.026037553
1.3120973 -0.02585267
1.3132783 -0.025651846
1.3144593 -0.0254353
1.3156403 -0.025203267
1.3168213 -0.024955984
1.3180023 -0.0246937
1.3191833 -0.024416672
1.3203644 -0.024125168
1.3215454 -0.023819456
1.3227264 -0.023499822
1.3239074 -0.023166554
1.3250884 -0.022819947
1.3262694 -0.022460304
1.3274504 -0.022087935
1.3286314 -0.02170316
1.3298124 -0.021306297
1.3309934 -0.020897677
1.3321744 -0.020477634
1.3333554 -0.02004651
1.3345364 -0.019604651
1.3357174 -0.019152407
1.3368984 -0.018690132
1.3380795 -0.018218191
1.3392605 -0.017736949
1.3404415 -0.01724677
1.3416225 -0.016748028
1.3428035 -0.016241102
1.3439845 -0.015726367
1.3451655 -0.01520421
1.3463465 -0.014675013
1.3475275 -0.014139163
1.3487085 -0.0135970535
1.3498895 -0.013049072
1.3510705 -0.012495615
1.3522515 -0.0119370725
1.3534325 -0.011373843
1.3546135 -0.010806327
1.3557945 -0.010234917
1.3569756 -0.009660009
1.3581566 -0.0090820035
1.3593376 -0.008501298
1.3605186 -0.007918289
1.3616996 -0.0073333713
1.3628806 -0.0067469412
1.3640616 -0.006159392
1.3652426 -0.0055711167
1.3664236 -0.004982505
1.3676046 -0.0043939473
1.3687856 -0.0038058278
1.3699666 -0.0032185318
1.3711476 -0.00263244
1.3723286 -0.0020479313
1.3735096 -0.0014653803
1.3746907 -8.851588E-4
1.3758717 -3.0763517E-4
1.3770527 2.6682648E-4
1.3782337 8.378662E-4
1.3794147 0.0014051279
1.3805957 0.0019682602
1.3817767 0.0025269166
1.3829577 0.003080755
1.3841387 0.0036294388
1.3853197 0.0041726367
1.3865007 0.004710023
1.3876817 0.0052412767
1.3888627 0.005766084
1.3900437 0.0062841373
1.3912247 0.0067951325
1.3924057 0.007298775
1.3935868 0.007794775
1.3947678 0.0082828505
1.3959488 0.008762724
1.3971298 0.0092341285
1.3983108 0.0096968
1.3994918 0.010150487
1.4006728 0.010594938
1.4018538 0.011029916
1.4030348 0.011455188
1.4042158 0.0118705295
1.4053968 0.012275723
1.4065778 0.012670562
1.4077588 0.013054842
1.4089398 0.013428372
1.4101208 0.01379097
1.4113019 0.014142455
1.4124829 0.01448266
1.4136639 0.014811428
1.4148449 0.015128605
1.4160259 0.015434047
1.4172069 0.015727622
1.4183879 0.016009202
1.4195689 0.016278675
1.4207499 0.016535927
1.4219309 0.01678086
1.4231119 0.01701338
1.4242929 0.017233409
1.4254739 0.01744087
1.4266549 0.0176357
1.427836 0.017817838
1.429017 0.01798724
1.430198 0.018143864
1.431379 0.018287685
1.43256 0.018418673
1.433741 0.01853682
1.434922 0.018642116
1.436103 0.01873457
1.437284 0.018814191
1.438465 0.018880999
1.439646 0.018935023
1.440827 0.018976301
1.442008 0.019004876
1.443189 0.019020801
1.44437 0.019024141
1.445551 0.019014958
1.446732 0.018993335
1.447913 0.018959355
1.449094 0.018913107
1.4502751 0.018854693
1.4514561 0.018784221
1.4526371 0.018701803
1.4538181 0.018607564
1.4549991 0.018501628
1.4561801 0.018384136
1.4573611 0.01825523
1.4585421 0.018115055
1.4597231 0.017963769
1.4609041 0.017801536
1.4620851 0.01762852
1.4632661 0.017444901
1.4644471 0.017250856
1.4656281 0.017046575
1.4668092 0.016832247
1.4679902 0.016608069
1.4691712 0.016374245
1.4703522 0.016130982
1.4715332 0.015878497
1.4727142 0.015617004
1.4738952 0.015346727
1.4750762 0.015067896
1.4762572 0.014780738
1.4774382 0.014485491
1.4786192 0.014182396
1.4798002 0.013871694
1.4809812 0.013553632
1.4821622 0.013228463
1.4833432 0.01289644
1.4845243 0.012557819
1.4857053 0.01221286
1.4868863 0.011861827
1.4880673 0.011504983
1.4892483 0.011142596
1.4904293 0.010774936
1.4916103 0.010402273
1.4927913 0.010024882
1.4939723 0.009643035
1.4951533 0.009257012
1.4963343 0.008867088
1.4975153 0.008473541
1.4986963 0.00807665
1.4998773 0.0076766955
1.5010583 0.007273958
1.5022393 0.006868717
1.5034204 0.0064612525
1.5046014 0.006051846
1.5057824 0.005640776
1.5069634 0.0052283234
1.5081444 0.004814767
1.5093254 0.0044003837
1.5105064 0.0039854506
1.5116874 0.0035702446
1.5128684 0.0031550392
1.5140494 0.0027401075
1.5152304 0.0023257202
1.5164114 0.0019121467
1.5175924 0.0014996541
1.5187734 0.0010885076
1.5199544 6.789693E-4
1.5211354 2.7129985E-4
1.5223165 -1.3424386E-4
1.5234975 -5.374074E-4
1.5246785 -9.379393E-4
1.5258595 -0.001335591
1.5270405 -0.0017301177
1.5282215 -0.0021212776
1.5294025 -0.002508833
1.5305835 -0.0028925496
1.5317645 -0.003272197
1.5329455 -0.0036475481
1.5341265 -0.0040183812
1.5353075 -0.0043844786
1.5364885 -0.004745625
1.5376695 -0.0051016123
1.5388505 -0.005452235
1.5400316 -0.0057972944
1.5412126 -0.006136594
1.5423936 -0.006469944
1.5435746 -0.0067971586
1.5447556 -0.0071180575
1.5459366 -0.007432465
1.5471176 -0.007740212
1.5482986 -0.008041135
1.5494796 -0.008335073
1.5506606 -0.0086218715
1.5518416 -0.008901386
1.5530226 -0.00917347
1.5542036 -0.0094379885
1.5553846 -0.00969481
1.5565656 -0.009943811
1.5577466 -0.010184871
1.5589277 -0.010417876
1.5601087 -0.010642717
1.5612897 -0.010859297
1.5624707 -0.011067515
1.5636517 -0.011267286
1.5648327 -0.011458523
1.5660137 -0.01164115
1.5671947 -0.011815096
1.5683757 -0.011980295
1.5695567 -0.012136689
1.5707377 -0.012284224
1.5719187 -0.012422854
1.5730997 -0.012552537
1.5742807 -0.012673239
1.5754617 -0.012784933
1.5766428 -0.012887593
1.5778238 -0.012981206
1.5790048 -0.013065759
1.5801858 -0.01314125
1.5813668 -0.013207679
1.5825478 -0.013265055
1.5837288 -0.013313389
1.5849098 -0.013352702
1.5860908 -0.013383019
1.5872718 -0.013404372
1.5884528 -0.013416796
1.5896338 -0.013420333
1.5908148 -0.013415034
1.5919958 -0.013400948
1.5931768 -0.013378137
1.5943578 -0.013346665
1.5955389 -0.0133066
1.5967199 -0.013258018
1.5979009 -0.013201
1.5990819 -0.01313563
1.6002629 -0.013061997
1.6014439 -0.0129801985
1.6026249 -0.012890333
1.6038059 -0.012792505
1.6049869 -0.012686824
1.6061679 -0.012573404
1.6073489 -0.012452364
1.6085299 -0.0123238275
1.6097109 -0.012187918
1.6108919 -0.012044768
1.612073 -0.011894512
1.613254 -0.01173729
1.614435 -0.011573244
1.615616 -0.011402522
1.616797 -0.011225271
1.617978 -0.011041647
1.619159 -0.010851806
1.62034 -0.010655907
1.621521 -0.010454114
1.622702 -0.010246591
1.623883 -0.010033508
1.625064 -0.009815036
1.626245 -0.00959135
1.627426 -0.009362626
1.628607 -0.009129044
1.629788 -0.008890782
1.630969 -0.008648025
1.63215 -0.008400958
1.6333311 -0.008149766
1.6345121 -0.007894642
1.6356931 -0.00763577
1.6368741 -0.007373344
1.6380551 -0.007107557
1.6392361 -0.006838601
1.6404171 -0.0065666726
1.6415981 -0.0062919655
1.6427791 -0.006014677
1.6439601 -0.0057350034
1.6451411 -0.0054531423
1.6463221 -0.0051692906
1.6475031 -0.004883647
1.6486841 -0.0045964085
1.6498652 -0.0043077734
1.6510462 -0.004017939
1.6522272 -0.0037271022
1.6534082 -0.0034354609
1.6545892 -0.00314321
1.6557702 -0.0028505458
1.6569512 -0.002557663
1.6581322 -0.0022647544
1.6593132 -0.0019720132
1.6604942 -0.001679631
1.6616752 -0.0013877974
1.6628562 -0.0010967014
1.6640372 -8.0652983E-4
1.6652182 -5.174685E-4
1.6663992 -2.2970088E-4
1.6675802 5.659135E-5
1.6687613 3.4122833E-4
1.6699423 6.240324E-4
1.6711233 9.0482796E-4
1.6723043 0.0011834421
1.6734853 0.0014597038
1.6746663 0.0017334451
1.6758473 0.0020045
1.6770283 0.002272706
1.6782093 0.002537903
1.6793903 0.0027999333
1.6805713 0.0030586428
1.6817523 0.0033138802
1.6829333 0.0035654977
1.6841143 0.0038133503
1.6852953 0.004057296
1.6864763 0.004297198
1.6876574 0.0045329197
1.6888384 0.0047643315
1.6900194 0.004991304
1.6912004 0.005213714
1.6923814 0.0054314416
1.6935624 0.00564437
1.6947434 0.005852386
1.6959244 0.00605538
1.6971054 0.0062532485
1.6982864 0.0064458903
1.6994674 0.0066332077
1.7006484 0.0068151075
1.7018294 0.006991501
1.7030104 0.007162303
1.7041914 0.007327434
1.7053725 0.0074868165
1.7065535 0.0076403795
1.7077345 0.0077880546
1.7089155 0.007929777
1.7100965 0.008065488
1.7112775 0.008195132
1.7124585 0.00831866
1.7136395 0.008436022
1.7148205 0.008547178
1.7160015 0.00865209
1.7171825 0.008750724
1.7183635 0.00884305
1.7195445 0.008929044
1.7207255 0.009008684
1.7219065 0.009081956
1.7230875 0.009148845
1.7242686 0.009209346
1.7254496 0.009263452
1.7266306 0.009311167
1.7278116 0.009352493
1.7289926 0.00938744
1.7301736 0.009416021
1.7313546 0.009438255
1.7325356 0.009454161
1.7337166 0.009463764
1.7348976 0.009467095
1.7360786 0.009464187
1.7372596 0.0094550755
1.7384406 0.009439803
1.7396216 0.009418415
1.7408026 0.009390959
1.7419837 0.009357486
1.7431647 0.009318055
1.7443457 0.009272723
1.7455267 0.009221556
1.7467077 0.009164618
1.7478887 0.009101979
1.7490697 0.009033716
1.7502507 0.008959901
1.7514317 0.008880616
1.7526127 0.008795944
1.7537937 0.008705971
1.7549747 0.008610786
1.7561557 0.008510482
1.7573367 0.008405152
1.7585177 0.008294893
1.7596987 0.008179808
1.7608798 0.008059999
1.7620608 0.007935571
1.7632418 0.007806631
1.7644228 0.0076732906
1.7656038 0.0075356616
1.7667848 0.00739386
1.7679658 0.0072480007
1.7691468 0.0070982035
1.7703278 0.0069445884
1.7715088 0.006787279
1.7726898 0.0066263983
1.7738708 0.006462073
1.7750518 0.0062944307
1.7762328 0.0061235996
1.7774138 0.00594971
1.7785949 0.0057728933
1.7797759 0.0055932836
1.7809569 0.0054110135
1.7821379 0.005226218
1.7833189 0.005039034
1.7844999 0.0048495964
1.7856809 0.0046580425
1.7868619 0.004464511
1.7880429 0.0042691384
1.7892239 0.004072066
1.7904049 0.0038734318
1.7915859 0.0036733747
1.7927669 0.0034720348
1.7939479 0.0032695513
1.795129 0.0030660636
1.79631 0.0028617114
1.797491 0.002656634
1.798672 0.00245097
1.799853 0.0022448576
1.801034 0.0020384353
1.802215 0.0018318403
1.803396 0.0016252093
1.804577 0.0014186782
1.805758 0.0012123822
1.806939 0.0010064554
1.80812 8.0103124E-4
1.809301 5.9624185E-4
1.810482 3.9221812E-4
1.811663 1.8908968E-4
1.812844 -1.3014942E-5
1.814025 -2.1396877E-4
1.815206 -4.1364622E-4
1.816387 -6.1192334E-4
1.8175681 -8.0867775E-4
1.8187491 -0.0010037888
1.8199301 -0.0011971374
1.8211111 -0.0013886068
1.8222921 -0.0015780814
1.8234731 -0.0017654484
1.8246541 -0.0019505965
1.8258351 -0.002133416
1.8270161 -0.0023138009
1.8281971 -0.002491646
1.8293781 -0.0026668482
1.8305591 -0.0028393082
1.8317401 -0.003008928
1.8329211 -0.0031756116
1.8341022 -0.0033392669
1.8352832 -0.003499803
1.8364642 -0.003657132
1.8376452 -0.0038111687
1.8388262 -0.003961831
1.8400072 -0.004109038
1.8411882 -0.004252713
1.8423692 -0.0043927818
1.8435502 -0.0045291726
1.8447312 -0.004661816
1.8459122 -0.0047906474
1.8470932 -0.0049156025
1.8482742 -0.005036621
1.8494552 -0.005153646
1.8506362 -0.005266624
1.8518173 -0.005375503
1.8529983 -0.005480234
1.8541793 -0.0055807726
1.8553603 -0.005677075
1.8565413 -0.0057691038
1.8577223 -0.0058568213
1.8589033 -0.0059401942
1.8600843 -0.0060191927
1.8612653 -0.0060937903
1.8624463 -0.0061639617
1.8636273 -0.006229687
1.8648083 -0.0062909466
1.8659893 -0.006347727
1.8671703 -0.006400015
1.8683513 -0.0064478023
1.8695323 -0.0064910827
1.8707134 -0.0065298527
1.8718944 -0.0065641142
1.8730754 -0.006593868
1.8742564 -0.006619122
1.8754374 -0.0066398834
1.8766184 -0.0066561643
1.8777994 -0.0066679795
1.8789804 -0.0066753468
1.8801614 -0.0066782865
1.8813424 -0.006676821
1.8825234 -0.0066709765
1.8837044 -0.006660782
1.8848854 -0.0066462676
1.8860664 -0.006627469
1.8872474 -0.006604422
1.8884284 -0.006577165
1.8896095 -0.00654574
1.8907905 -0.006510192
1.8919715 -0.0064705675
1.8931525 -0.006426915
1.8943335 -0.0063792863
1.8955145 -0.006327735
1.8966955 -0.0062723174
1.8978765 -0.006213091
1.8990575 -0.006150117
1.9002385 -0.0060834587
1.9014195 -0.006013179
1.9026005 -0.005939346
1.9037815 -0.0058620274
1.9049625 -0.005781294
1.9061435 -0.0056972173
1.9073246 -0.005609873
1.9085056 -0.0055193366
1.9096866 -0.0054256846
1.9108676 -0.005328997
1.9120486 -0.0052293544
1.9132296 -0.0051268386
1.9144106 -0.0050215335
1.9155916 -0.0049135243
1.9167726 -0.0048028966
1.9179536 -0.0046897377
1.9191346 -0.0045741377
1.9203156 -0.0044561853
1.9214966 -0.0043359715
1.9226776 -0.0042135883
1.9238586 -0.0040891273
1.9250396 -0.0039626835
1.9262207 -0.003834351
1.9274017 -0.003704224
1.9285827 -0.0035723979
1.9297637 -0.00343897
1.9309447 -0.0033040363
1.9321257 -0.0031676944
1.9333067 -0.0030300415
1.9344877 -0.0028911757
1.9356687 -0.002751195
1.9368497 -0.002610198
1.9380307 -0.0024682821
1.9392117 -0.002325547
1.9403927 -0.0021820902
1.9415737 -0.0020380106
1.9427547 -0.001893406
1.9439358 -0.001748375
1.9451168 -0.0016030145
1.9462978 -0.0014574222
1.9474788 -0.0013116953
1.9486598 -0.00116593
1.9498408 -0.0010202224
1.9510218 -8.746681E-4
1.9522028 -7.2936167E-4
1.9533838 -5.843972E-4
1.9545648 -4.3986805E-4
1.9557458 -2.9586675E-4
1.9569268 -1.5248486E-4
1.9581078 -9.813142E-6
1.9592888 1.3205862E-4
1.9604698 2.730418E-4
1.9616508 4.1304875E-4
1.9628319 5.51993E-4
1.9640129 6.8978925E-4
1.9651939 8.2635344E-4
1.9663749 9.616029E-4
1.9675559 0.001095456
1.9687369 0.0012278329
1.9699179 0.0013586548
1.9710989 0.0014878445
1.9722799 0.0016153265
1.9734609 0.0017410265
1.9746419 0.001864872
1.9758229 0.0019867923
1.9770039 0.0021067183
1.9781849 0.0022245818
1.979366 0.0023403177
1.980547 0.0024538618
1.981728 0.0025651515
1.982909 0.0026741268
1.98409 0.002780729
1.985271 0.0028849018
1.986452 0.0029865897
1.987633 0.0030857408
1.988814 0.003182304
1.989995 0.0032762305
1.991176 0.0033674731
1.992357 0.0034559872
1.993538 0.0035417303
1.994719 0.003624662
1.9959 0.003704743
1.997081 0.0037819368
1.998262 0.0038562096
1.999443 0.003927529
2.000624 0.003995864
2.0018048 0.004061187
2.0029857 0.004123473
2.0041666 0.0041826977
2.0053475 0.0042388383
2.0065284 0.004291877
2.0077093 0.0043417965
2.0088902 0.0043885796
2.010071 0.0044322154
2.011252 0.004472692
2.0124328 0.004510001
2.0136137 0.0045441356
2.0147946 0.0045750914
2.0159755 0.0046028662
2.0171564 0.0046274597
2.0183372 0.0046488736
2.0195181 0.0046671117
2.020699 0.00468218
2.02188 0.0046940865
2.0230608 0.004702842
2.0242417 0.004708457
2.0254226 0.0047109467
2.0266035 0.004710327
2.0277843 0.0047066156
2.0289652 0.0046998323
2.0301461 0.0046899994
2.031327 0.0046771406
2.032508 0.0046612807
2.0336888 0.004642448
2.0348697 0.0046206713
2.0360506 0.0045959814
2.0372314 0.0045684115
2.0384123 0.004537995
2.0395932 0.0045047686
2.040774 0.0044687707
2.041955 0.004430039
2.043136 0.004388616
2.0443168 0.004344543
2.0454977 0.004297864
2.0466785 0.004248625
2.0478594 0.0041968734
2.0490403 0.004142656
2.0502212 0.0040860227
2.051402 0.0040270253
2.052583 0.003965715
2.0537639 0.0039021452
2.0549448 0.0038363708
2.0561256 0.0037684473
2.0573065 0.0036984317
2.0584874 0.0036263815
2.0596683 0.0035523558
2.0608492 0.0034764146
2.06203 0.003398618
2.063211 0.0033190276
2.0643919 0.0032377066
2.0655727 0.0031547174
2.0667536 0.0030701251
2.0679345 0.002983993
2.0691154 0.0028963871
2.0702963 0.0028073732
2.0714772 0.0027170177
2.072658 0.0026253876
2.073839 0.0025325501
2.0750198 0.0024385734
2.0762007 0.0023435252
2.0773816 0.0022474744
2.0785625 0.0021504897
2.0797434 0.0020526403
2.0809243 0.0019539953
2.0821052 0.0018546234
2.083286 0.001754595
2.084467 0.0016539788
2.0856478 0.0015528445
2.0868287 0.0014512616
2.0880096 0.0013492992
2.0891905 0.0012470264
2.0903714 0.0011445121
2.0915523 0.0010418253
2.0927331 9.390343E-4
2.093914 8.3620707E-4
2.095095 7.334118E-4
2.0962758 6.307155E-4
2.0974567 5.2818516E-4
2.0986376 4.2588724E-4
2.0998185 3.2388774E-4
2.1009994 2.2225178E-4
2.1021802 1.21044315E-4
2.1033611 2.0329288E-5
2.104542 -7.9829886E-5
2.105723 -1.7937052E-4
2.1069038 -2.7823073E-4
2.1080847 -3.7634934E-4
2.1092656 -4.7366612E-4
2.1104465 -5.701217E-4
2.1116273 -6.6565746E-4
2.1128082 -7.602158E-4
2.113989 -8.537404E-4
2.11517 -9.461753E-4
2.116351 -0.0010374661
2.1175318 -0.0011275592
2.1187127 -0.0012164023
2.1198936 -0.0013039439
2.1210744 -0.001390134
2.1222553 -0.0014749235
2.1234362 -0.0015582646
2.124617 -0.0016401107
2.125798 -0.0017204167
2.1269789 -0.0017991384
2.1281598 -0.0018762329
2.1293406 -0.0019516589
2.1305215 -0.002025376
2.1317024 -0.002097346
2.1328833 -0.0021675308
2.1340642 -0.0022358948
2.135245 -0.0023024033
2.136426 -0.002367023
2.1376069 -0.002429722
2.1387877 -0.0024904702
2.1399686 -0.0025492387
2.1411495 -0.002606
2.1423304 -0.0026607278
2.1435113 -0.0027133985
2.1446922 -0.002763988
2.145873 -0.002812476
2.147054 -0.002858842
2.1482348 -0.0029030673
2.1494157 -0.0029451349
2.1505966 -0.0029850297
2.1517775 -0.0030227373
2.1529584 -0.003058246
2.1541393 -0.0030915446
2.1553202 -0.0031226233
2.156501 -0.0031514748
2.157682 -0.003178092
2.1588628 -0.0032024707
2.1600437 -0.0032246073
2.1612246 -0.0032445001
2.1624055 -0.0032621487
2.1635864 -0.0032775537
2.1647673 -0.0032907182
2.1659482 -0.003301646
2.167129 -0.0033103428
2.16831 -0.003316815
2.1694908 -0.0033210716
2.1706717 -0.0033231212
2.1718526 -0.0033229764
2.1730335 -0.0033206483
2.1742144 -0.003316152
2.1753953 -0.0033095018
2.1765761 -0.003300715
2.177757 -0.0032898088
2.178938 -0.0032768024
2.1801188 -0.0032617163
2.1812997 -0.0032445726
2.1824806 -0.0032253938
2.1836615 -0.003204204
2.1848423 -0.0031810284
2.1860232 -0.0031558939
2.1872041 -0.0031288273
2.188385 -0.003099858
2.189566 -0.0030690155
2.1907468 -0.003036331
2.1919277 -0.0030018357
2.1931086 -0.0029655632
2.1942894 -0.0029275469
2.1954703 -0.0028878222
2.1966512 -0.0028464242
2.197832 -0.00280339
2.199013 -0.0027587572
2.200194 -0.0027125636
2.2013748 -0.002664849
2.2025557 -0.0026156527
2.2037365 -0.002565016
2.2049174 -0.0025129798
2.2060983 -0.002459587
2.2072792 -0.0024048793
2.20846 -0.0023489005
2.209641 -0.0022916947
2.2108219 -0.0022333066
2.2120028 -0.002173781
2.2131836 -0.0021131635
2.2143645 -0.0020515001
2.2155454 -0.0019888373
2.2167263 -0.0019252219
2.2179072 -0.0018607008
2.219088 -0.0017953217
2.220269 -0.0017291326
2.2214499 -0.0016621812
2.2226307 -0.0015945162
2.2238116 -0.0015261858
2.2249925 -0.0014572388
2.2261734 -0.001387724
2.2273543 -0.0013176901
2.2285352 -0.0012471864
2.229716 -0.0011762615
2.230897 -0.0011049646
2.2320778 -0.0010333448
2.2332587 -9.6145045E-4
2.2344396 -8.8933087E-4
2.2356205 -8.170345E-4
2.2368014 -7.4461E-4
2.2379823 -6.721054E-4
2.2391632 -5.9956906E-4
2.240344 -5.270486E-4
2.241525 -4.5459173E-4
2.2427058 -3.822457E-4
2.2438867 -3.1005745E-4
2.2450676 -2.3807345E-4
2.2462485 -1.6633983E-4
2.2474294 -9.490235E-5
2.2486103 -2.3806278E-5
2.2497911 4.690363E-5
2.250972 1.1718308E-4
2.252153 1.869883E-4
2.2533338 2.5627617E-4
2.2545147 3.25004E-4
2.2556956 3.9312986E-4
2.2568765 4.6061235E-4
2.2580574 5.2741077E-4
2.2592382 5.9348514E-4
2.2604191 6.5879605E-4
2.2616 7.233049E-4
2.262781 7.869741E-4
2.2639618 8.497662E-4
2.2651427 9.11645E-4
2.2663236 9.7257516E-4
2.2675045 0.0010325218
2.2686853 0.0010914513
2.2698662 0.0011493305
2.271047 0.0012061273
2.272228 0.0012618107
2.273409 0.0013163502
2.2745898 0.0013697165
2.2757707 0.0014218813
2.2769516 0.0014728168
2.2781324 0.0015224968
2.2793133 0.0015708955
2.2804942 0.0016179886
2.281675 0.0016637522
2.282856 0.0017081641
2.2840369 0.0017512026
2.2852178 0.0017928471
2.2863986 0.0018330781
2.2875795 0.0018718772
2.2887604 0.0019092273
2.2899413 0.0019451116
2.2911222 0.001979515
2.292303 0.0020124235
2.293484 0.0020438232
2.2946649 0.0020737029
2.2958457 0.002102051
2.2970266 0.0021288577
2.2982075 0.0021541142
2.2993884 0.0021778122
2.3005693 0.0021999455
2.3017502 0.002220508
2.302931 0.0022394953
2.304112 0.0022569038
2.3052928 0.0022727312
2.3064737 0.0022869753
2.3076546 0.0022996364
2.3088355 0.0023107147
2.3100164 0.0023202123
2.3111973 0.0023281316
2.3123782 0.0023344764
2.313559 0.0023392513
2.31474 0.0023424623
2.3159208 0.0023441159
2.3171017 0.00234422
2.3182826 0.0023427827
2.3194635 0.0023398146
2.3206444 0.0023353256
2.3218253 0.0023293276
2.3230062 0.0023218328
2.324187 0.0023128549
2.325368 0.0023024078
2.3265488 0.002290507
2.3277297 0.0022771684
2.3289106 0.002262409
2.3300915 0.0022462464
2.3312724 0.0022286992
2.3324533 0.0022097866
2.3336341 0.0021895291
2.334815 0.0021679471
2.335996 0.002145063
2.3371768 0.002120898
2.3383577 0.002095477
2.3395386 0.002068822
2.3407195 0.0020409585
2.3419003 0.0020119112
2.3430812 0.0019817066
2.3442621 0.0019503703
2.345443 0.0019179295
2.346624 0.0018844117
2.3478048 0.0018498453
2.3489857 0.0018142588
2.3501666 0.0017776812
2.3513474 0.0017401422
2.3525283 0.0017016721
2.3537092 0.0016623011
2.35489 0.0016220604
2.356071 0.0015809814
2.357252 0.0015390959
2.3584328 0.0014964356
2.3596137 0.0014530333
2.3607945 0.0014089216
2.3619754 0.0013641333
