0.001181 1.365232
0.002362 1.359216
0.0035430002 1.3509362
0.004724 1.3418157
0.005905 1.331865
0.007086 1.3210953
0.008267 1.3095186
0.009448 1.2971467
0.010629 1.2839924
0.01181 1.2700688
0.012991 1.2553895
0.014172 1.2399681
0.015353 1.2238193
0.016534 1.2069576
0.017715001 1.189398
0.018896002 1.1711563
0.020077003 1.1522479
0.021258004 1.1326895
0.022439005 1.1124971
0.023620006 1.091688
0.024801007 1.0702791
0.025982007 1.048288
0.027163008 1.0257324
0.02834401 1.0026302
0.02952501 0.9789999
0.03070601 0.95485973
0.03188701 0.93022865
0.03306801 0.9051255
0.034249008 0.8795696
0.035430007 0.85357994
0.036611006 0.82717645
0.037792005 0.8003787
0.038973004 0.7732065
0.040154003 0.7456797
0.041335 0.7178187
0.042516 0.6896433
0.043697 0.6611741
0.044878 0.6324313
0.046058998 0.6034355
0.047239996 0.574207
0.048420995 0.5447663
0.049601994 0.51513416
0.050782993 0.48533097
0.051963992 0.45537734
0.05314499 0.42529377
0.05432599 0.3951008
0.05550699 0.36481887
0.05668799 0.33446833
0.057868987 0.30406955
0.059049986 0.27364284
0.060230985 0.24320826
0.061411984 0.21278588
0.06259298 0.18239558
0.06377398 0.15205726
0.06495498 0.12179047
0.06613598 0.09161471
0.06731698 0.06154932
0.06849798 0.031613395
0.06967898 0.0018258989
0.070859976 -0.027794443
0.072040975 -0.057229124
0.073221974 -0.08645983
0.07440297 -0.11546852
0.07558397 -0.14423738
0.07676497 -0.1727489
0.07794597 -0.20098573
0.07912697 -0.22893092
0.08030797 -0.25656775
0.08148897 -0.28387976
0.082669966 -0.31085092
0.083850965 -0.33746535
0.085031964 -0.36370766
0.08621296 -0.38956264
0.08739396 -0.41501555
0.08857496 -0.44005185
0.08975596 -0.46465755
0.09093696 -0.48881888
0.09211796 -0.51252246
0.09329896 -0.5357553
0.094479956 -0.55850476
0.095660955 -0.58075875
0.09684195 -0.6025052
0.09802295 -0.623733
0.09920395 -0.6444309
0.10038495 -0.6645884
0.10156595 -0.6841953
0.10274695 -0.70324177
0.10392795 -0.72171855
0.10510895 -0.73961663
0.106289946 -0.75692767
0.107470945 -0.77364343
0.10865194 -0.78975636
0.10983294 -0.8052592
0.11101394 -0.8201455
0.11219494 -0.8344086
0.11337594 -0.84804285
0.11455694 -0.86104286
0.11573794 -0.8734036
0.11691894 -0.8851206
0.118099935 -0.89618975
0.119280934 -0.9066075
0.12046193 -0.9163707
0.12164293 -0.9254765
0.12282393 -0.9339227
0.12400493 -0.94170755
0.12518594 -0.9488296
0.12636694 -0.955288
0.12754795 -0.9610822
0.12872896 -0.9662121
0.12990996 -0.9706781
0.13109097 -0.97448105
0.13227198 -0.9776223
0.13345298 -0.9801033
0.13463399 -0.9819263
0.135815 -0.9830938
0.136996 -0.98360866
0.138177 -0.98347443
0.13935801 -0.9826947
0.14053902 -0.98127365
0.14172003 -0.97921586
0.14290103 -0.97652626
0.14408204 -0.9732103
0.14526305 -0.9692735
0.14644405 -0.96472216
0.14762506 -0.9595626
0.14880607 -0.95380175
0.14998707 -0.94744664
0.15116808 -0.94050485
0.15234908 -0.93298435
0.15353009 -0.9248934
0.1547111 -0.9162403
0.1558921 -0.90703416
0.15707311 -0.897284
0.15825412 -0.88699937
0.15943512 -0.87619
0.16061613 -0.8648661
0.16179714 -0.8530379
0.16297814 -0.840716
0.16415915 -0.8279114
0.16534016 -0.81463504
0.16652116 -0.8008985
0.16770217 -0.78671336
0.16888317 -0.77209145
0.17006418 -0.75704485
0.17124519 -0.74158585
0.1724262 -0.72572684
0.1736072 -0.70948076
0.1747882 -0.6928603
0.17596921 -0.6758784
0.17715022 -0.6585484
0.17833123 -0.6408837
0.17951223 -0.6228976
0.18069324 -0.604604
0.18187425 -0.5860165
0.18305525 -0.5671489
0.18423626 -0.54801536
0.18541726 -0.52862984
0.18659827 -0.5090065
0.18777928 -0.48915967
0.18896028 -0.46910357
0.19014129 -0.4488526
0.1913223 -0.42842108
0.1925033 -0.4078236
0.19368431 -0.38707453
0.19486532 -0.3661884
0.19604632 -0.3451797
0.19722733 -0.32406294
0.19840834 -0.3028526
0.19958934 -0.28156313
0.20077035 -0.260209
0.20195135 -0.23880452
0.20313236 -0.2173641
0.20431337 -0.19590208
0.20549437 -0.1744326
0.20667538 -0.15296988
0.20785639 -0.13152793
0.2090374 -0.11012075
0.2102184 -0.088762194
0.2113994 -0.067466035
0.21258041 -0.046245918
0.21376142 -0.025115341
0.21494243 -0.0040876716
0.21612343 0.016823828
0.21730444 0.03760609
0.21848544 0.058246184
0.21966645 0.07873135
0.22084746 0.099049
0.22202846 0.119186744
0.22320947 0.13913235
0.22439048 0.15887383
0.22557148 0.17839931
0.22675249 0.19769722
0.2279335 0.21675617
0.2291145 0.23556496
0.23029551 0.25411266
0.23147652 0.27238858
0.23265752 0.2903822
0.23383853 0.3080834
0.23501953 0.32548204
0.23620054 0.3425685
0.23738155 0.35933328
0.23856255 0.3757672
0.23974356 0.39186135
0.24092457 0.40760705
0.24210557 0.42299592
0.24328658 0.43801987
0.24446759 0.45267108
0.2456486 0.46694207
0.2468296 0.4808256
0.2480106 0.49431467
0.24919161 0.5074027
0.25037262 0.5200834
0.25155362 0.53235066
0.25273463 0.5441988
0.25391564 0.5556224
0.25509664 0.56661636
0.25627765 0.57717586
0.25745866 0.58729637
0.25863966 0.59697384
0.25982067 0.6062044
0.26100168 0.6149844
0.26218268 0.62331074
0.2633637 0.63118035
0.2645447 0.6385908
0.2657257 0.64553976
0.2669067 0.6520253
0.26808771 0.6580457
0.26926872 0.6635997
0.27044973 0.66868633
0.27163073 0.67330486
0.27281174 0.67745477
0.27399275 0.6811361
0.27517375 0.68434906
0.27635476 0.68709415
0.27753577 0.68937224
0.27871677 0.6911846
0.27989778 0.6925324
0.2810788 0.6934177
0.2822598 0.6938423
0.2834408 0.6938086
0.2846218 0.6933192
0.2858028 0.69237703
0.28698382 0.6909852
0.28816482 0.68914723
0.28934583 0.6868668
0.29052684 0.6841479
0.29170784 0.68099487
0.29288885 0.6774122
0.29406986 0.6734046
0.29525086 0.66897726
0.29643187 0.6641353
0.29761288 0.6588843
0.29879388 0.65323013
0.2999749 0.64717865
0.3011559 0.6407361
0.3023369 0.63390905
0.3035179 0.626704
0.3046989 0.6191278
0.30587992 0.61118764
0.30706093 0.6028908
0.30824193 0.5942446
0.30942294 0.58525693
0.31060395 0.5759354
0.31178495 0.5662882
0.31296596 0.5563234
0.31414697 0.54604936
0.31532797 0.5354746
0.31650898 0.5246077
0.31768999 0.51345754
0.318871 0.5020331
0.320052 0.49034327
0.321233 0.47839728
0.322414 0.46620452
0.32359502 0.4537743
0.32477602 0.4411162
0.32595703 0.42823982
0.32713804 0.41515478
0.32831904 0.4018709
0.32950005 0.38839805
0.33068106 0.37474614
0.33186206 0.36092514
0.33304307 0.34694514
0.33422408 0.33281612
0.33540508 0.31854835
0.3365861 0.30415186
0.3377671 0.28963685
0.3389481 0.27501363
0.3401291 0.2602923
0.3413101 0.24548315
0.34249112 0.23059642
0.34367213 0.21564227
0.34485313 0.200631
0.34603414 0.18557268
0.34721515 0.17047754
0.34839615 0.1553557
0.34957716 0.14021727
0.35075817 0.12507226
0.35193917 0.10993064
0.35312018 0.09480239
0.35430118 0.07969734
0.3554822 0.0646253
0.3566632 0.04959597
0.3578442 0.034619
0.3590252 0.019703936
0.36020622 0.004860215
0.36138722 -0.009902803
0.36256823 -0.024575878
0.36374924 -0.039149873
0.36493024 -0.053615782
0.36611125 -0.067964695
0.36729226 -0.082187854
0.36847326 -0.096276626
0.36965427 -0.110222496
0.37083527 -0.124017134
0.37201628 -0.13765231
0.3731973 -0.15111998
0.3743783 -0.16441223
0.3755593 -0.17752133
0.3767403 -0.19043969
0.3779213 -0.2031599
0.37910232 -0.21567473
0.38028333 -0.22797711
0.38146433 -0.24006017
0.38264534 -0.25191718
0.38382635 -0.26354164
0.38500735 -0.27492726
0.38618836 -0.28606787
0.38736936 -0.29695755
0.38855037 -0.30759054
0.38973138 -0.31796134
0.39091238 -0.32806462
0.3920934 -0.3378952
0.3932744 -0.3474482
0.3944554 -0.3567189
0.3956364 -0.36570284
0.39681742 -0.37439567
0.39799842 -0.38279337
0.39917943 -0.3908921
0.40036044 -0.3986882
0.40154144 -0.4061783
0.40272245 -0.41335914
0.40390345 -0.4202278
0.40508446 -0.42678148
0.40626547 -0.43301767
0.40744647 -0.43893418
0.40862748 -0.4445288
0.4098085 -0.44979972
0.4109895 -0.4547453
0.4121705 -0.45936406
0.4133515 -0.4636549
0.4145325 -0.4676169
0.41571352 -0.47124916
0.41689453 -0.4745513
0.41807553 -0.47752297
0.41925654 -0.480164
0.42043754 -0.4824746
0.42161855 -0.48445517
0.42279956 -0.48610616
0.42398056 -0.48742846
0.42516157 -0.48842302
0.42634258 -0.489091
0.42752358 -0.48943385
0.4287046 -0.48945317
0.4298856 -0.48915073
0.4310666 -0.4885286
0.4322476 -0.487589
0.43342862 -0.48633432
0.43460962 -0.4847672
0.43579063 -0.48289037
0.43697163 -0.4807068
0.43815264 -0.47821975
0.43933365 -0.47543257
0.44051465 -0.47234875
0.44169566 -0.4689719
0.44287667 -0.465306
0.44405767 -0.46135512
0.44523868 -0.45712343
0.4464197 -0.45261526
0.4476007 -0.4478352
0.4487817 -0.4427879
0.4499627 -0.43747813
0.4511437 -0.4319109
0.45232472 -0.42609137
0.45350572 -0.42002472
0.45468673 -0.41371638
0.45586774 -0.40717188
0.45704874 -0.40039682
0.45822975 -0.39339694
0.45941076 -0.38617814
0.46059176 -0.37874642
0.46177277 -0.37110782
0.46295378 -0.3632685
0.46413478 -0.35523483
0.4653158 -0.34701315
0.4664968 -0.3386099
0.4676778 -0.33003163
0.4688588 -0.32128504
0.4700398 -0.31237674
0.47122082 -0.30331355
0.47240183 -0.29410228
0.47358283 -0.28474984
0.47476384 -0.2752631
0.47594485 -0.26564917
0.47712585 -0.255915
0.47830686 -0.24606769
0.47948787 -0.23611432
0.48066887 -0.22606209
0.48184988 -0.21591811
0.4830309 -0.20568958
0.4842119 -0.19538374
0.4853929 -0.18500775
0.4865739 -0.17456883
0.4877549 -0.16407421
0.48893592 -0.15353109
0.49011692 -0.14294668
0.49129793 -0.13232815
0.49247894 -0.12168271
0.49365994 -0.111017466
0.49484095 -0.10033956
0.49602196 -0.08965606
0.49720296 -0.07897404
0.49838397 -0.0683005
0.49956498 -0.057642408
0.50074595 -0.047006674
0.50192696 -0.036400165
0.50310796 -0.025829688
0.504289 -0.015301978
0.50547 -0.0048237164
0.506651 0.005598495
0.507832 0.015958123
0.509013 0.026248716
0.510194 0.036463898
0.511375 0.046597388
0.512556 0.05664298
0.513737 0.066594586
0.514918 0.07644618
0.51609904 0.08619187
0.51728004 0.095825836
0.51846105 0.105342396
0.51964206 0.114735946
0.52082306 0.12400101
0.52200407 0.13313223
0.5231851 0.14212438
0.5243661 0.15097229
0.5255471 0.15967102
0.5267281 0.16821568
0.5279091 0.17660148
0.5290901 0.18482387
0.5302711 0.19287835
0.5314521 0.20076054
0.5326331 0.20846629
0.53381413 0.2159915
0.53499514 0.22333226
0.53617615 0.23048478
0.53735715 0.23744541
0.53853816 0.24421072
0.53971916 0.2507773
0.5409002 0.25714198
0.5420812 0.26330173
0.5432622 0.26925364
0.5444432 0.27499503
0.5456242 0.28052324
0.5468052 0.28583592
0.5479862 0.29093072
0.5491672 0.29580557
0.5503482 0.30045852
0.5515292 0.30488774
0.55271024 0.30909157
0.55389124 0.31306854
0.55507225 0.31681734
0.55625325 0.3203368
0.55743426 0.3236258
0.55861527 0.32668364
0.5597963 0.3295095
0.5609773 0.33210292
0.5621583 0.33446345
0.5633393 0.3365909
0.5645203 0.3384851
0.5657013 0.34014624
0.5668823 0.34157443
0.5680633 0.34277016
0.5692443 0.3437339
0.57042533 0.3444663
0.57160634 0.3449682
0.57278734 0.34524056
0.57396835 0.34528458
0.57514936 0.34510148
0.57633036 0.34469268
0.57751137 0.34405962
0.5786924 0.34320414
0.5798734 0.34212795
0.5810544 0.34083304
0.5822354 0.3393215
0.5834164 0.33759552
0.5845974 0.33565754
0.5857784 0.33350992
0.5869594 0.33115527
0.5881404 0.32859635
0.58932143 0.32583597
0.59050244 0.3228771
0.59168345 0.3197228
0.59286445 0.3163762
0.59404546 0.31284067
0.59522647 0.30911958
0.5964075 0.3052164
0.5975885 0.3011347
0.5987695 0.29687825
0.5999505 0.29245073
0.6011315 0.28785607
0.6023125 0.28309825
0.6034935 0.2781813
0.6046745 0.27310938
0.6058555 0.2678866
0.60703653 0.26251736
0.60821754 0.257006
0.60939854 0.25135687
0.61057955 0.24557452
0.61176056 0.23966348
0.61294156 0.23362838
0.61412257 0.22747388
0.6153036 0.2212047
0.6164846 0.21482557
0.6176656 0.20834137
0.6188466 0.2017569
0.6200276 0.19507708
0.6212086 0.18830684
0.6223896 0.18145114
0.6235706 0.17451495
0.6247516 0.16750328
0.62593263 0.1604212
0.62711364 0.1532737
0.62829465 0.14606589
0.62947565 0.13880287
0.63065666 0.13148968
0.63183767 0.124131426
0.6330187 0.11673319
0.6341997 0.10930008
0.6353807 0.10183715
0.6365617 0.09434949
0.6377427 0.086842135
0.6389237 0.07932016
0.6401047 0.07178859
0.6412857 0.06425241
0.6424667 0.056716587
0.64364773 0.0491861
0.64482874 0.04166586
0.64600974 0.03416074
0.64719075 0.026675591
0.64837176 0.01921522
0.64955276 0.011784388
0.65073377 0.004387807
0.6519148 -0.0029698517
0.6530958 -0.010283973
0.6542768 -0.017549999
0.6554578 -0.024763428
0.6566388 -0.031919815
0.6578198 -0.039014783
0.6590008 -0.046044014
0.6601818 -0.053003266
0.6613628 -0.059888355
0.66254383 -0.06669518
0.66372484 -0.073419705
0.66490585 -0.080057986
0.66608685 -0.086606145
0.66726786 -0.09306038
0.66844887 -0.099417
0.6696299 -0.105672374
0.6708109 -0.11182294
0.6719919 -0.11786528
0.6731729 -0.12379602
0.6743539 -0.12961191
0.6755349 -0.13530974
0.6767159 -0.14088647
0.6778969 -0.1463391
0.6790779 -0.15166476
0.6802589 -0.15686066
0.68143994 -0.16192414
0.68262094 -0.16685261
0.68380195 -0.17164356
0.68498296 -0.17629467
0.68616396 -0.18080366
0.68734497 -0.18516834
0.688526 -0.18938671
0.689707 -0.19345677
0.690888 -0.19737671
0.692069 -0.20114481
0.69325 -0.20475945
0.694431 -0.20821913
0.695612 -0.2115224
0.696793 -0.21466804
0.697974 -0.21765484
0.69915503 -0.22048174
0.70033604 -0.22314778
0.70151705 -0.22565213
0.70269805 -0.22799405
0.70387906 -0.23017293
0.70506006 -0.23218825
0.7062411 -0.23403966
0.7074221 -0.23572679
0.7086031 -0.23724948
0.7097841 -0.23860769
0.7109651 -0.23980142
0.7121461 -0.24083084
0.7133271 -0.24169621
0.7145081 -0.24239786
0.7156891 -0.24293627
0.7168701 -0.24331202
0.71805114 -0.24352576
0.71923214 -0.24357827
0.72041315 -0.24347045
0.72159415 -0.24320325
0.72277516 -0.24277775
0.72395617 -0.24219514
0.7251372 -0.24145667
0.7263182 -0.24056372
0.7274992 -0.23951776
0.7286802 -0.23832032
0.7298612 -0.23697308
0.7310422 -0.23547772
0.7322232 -0.2338361
0.7334042 -0.23205009
0.7345852 -0.2301217
0.73576623 -0.228053
0.73694724 -0.22584614
0.73812824 -0.22350338
0.73930925 -0.22102699
0.74049026 -0.21841936
0.74167126 -0.21568295
0.7428523 -0.21282028
0.7440333 -0.20983395
0.7452143 -0.20672663
0.7463953 -0.20350102
0.7475763 -0.20015992
0.7487573 -0.1967062
0.7499383 -0.19314274
0.7511193 -0.18947251
0.7523003 -0.18569852
0.7534813 -0.18182386
0.75466233 -0.17785162
0.75584334 -0.17378496
0.75702435 -0.16962709
0.75820535 -0.16538127
0.75938636 -0.16105078
0.76056737 -0.15663894
0.7617484 -0.15214911
0.7629294 -0.14758468
0.7641104 -0.14294907
0.7652914 -0.13824573
0.7664724 -0.13347813
0.7676534 -0.12864977
0.7688344 -0.12376417
0.7700154 -0.11882486
0.7711964 -0.11383539
0.77237743 -0.108799316
0.77355844 -0.10372022
0.77473944 -0.09860167
0.77592045 -0.09344725
0.77710146 -0.088260576
0.77828246 -0.08304522
0.77946347 -0.077804774
0.7806445 -0.07254283
0.7818255 -0.067262955
0.7830065 -0.061968725
0.7841875 -0.056663692
0.7853685 -0.05135141
0.7865495 -0.04603542
0.7877305 -0.040719215
0.7889115 -0.035406306
0.7900925 -0.030100156
0.79127353 -0.024804218
0.79245454 -0.01952191
0.79363555 -0.014256635
0.79481655 -0.009011749
0.79599756 -0.0037905863
0.79717857 0.001403559
0.7983596 0.0065674256
0.7995406 0.011697793
0.8007216 0.016791478
0.8019026 0.02184534
0.8030836 0.026856285
0.8042646 0.031821262
0.8054456 0.036737267
0.8066266 0.041601352
0.8078076 0.046410605
0.80898863 0.05116219
0.81016964 0.055853296
0.81135064 0.060481194
0.81253165 0.06504319
0.81371266 0.06953666
0.81489366 0.07395905
0.81607467 0.07830785
0.8172557 0.08258061
0.8184367 0.08677495
0.8196177 0.09088858
0.8207987 0.094919235
0.8219797 0.09886474
0.8231607 0.102722995
0.8243417 0.10649192
0.8255227 0.11016959
0.8267037 0.11375408
0.82788473 0.117243566
0.82906574 0.120636284
0.83024675 0.12393057
0.83142775 0.1271248
0.83260876 0.13021743
0.83378977 0.13320705
0.8349708 0.13609222
0.8361518 0.13887165
0.8373328 0.14154415
0.8385138 0.14410852
0.8396948 0.14656372
0.8408758 0.14890875
0.8420568 0.15114266
0.8432378 0.15326463
0.8444188 0.15527391
0.84559983 0.1571698
0.84678084 0.15895171
0.84796184 0.16061911
0.84914285 0.16217153
0.85032386 0.16360863
0.85150486 0.16493009
0.85268587 0.16613573
0.8538669 0.16722539
0.8550479 0.168199
0.8562289 0.16905658
0.8574099 0.16979825
0.8585909 0.17042416
0.8597719 0.17093453
0.8609529 0.1713297
0.8621339 0.17161009
0.8633149 0.17177607
0.86449593 0.17182827
0.86567694 0.17176726
0.86685795 0.17159376
0.86803895 0.17130847
0.86921996 0.17091224
0.87040097 0.17040591
0.871582 0.1697905
0.872763 0.16906701
0.873944 0.16823651
0.875125 0.16730016
0.876306 0.16625917
0.877487 0.16511482
0.878668 0.16386846
0.879849 0.16252147
0.88103 0.1610753
0.882211 0.15953144
0.88339204 0.15789148
0.88457304 0.15615705
0.88575405 0.15432984
0.88693506 0.1524115
0.88811606 0.1504039
0.88929707 0.14830881
0.8904781 0.1461281
0.8916591 0.1438637
0.8928401 0.14151756
0.8940211 0.13909173
0.8952021 0.13658819
0.8963831 0.13400905
0.8975641 0.13135642
0.8987451 0.12863249
0.8999261 0.12583941
0.90110713 0.12297946
0.90228814 0.12005484
0.90346915 0.11706789
0.90465015 0.11402088
0.90583116 0.11091617
0.90701216 0.10775613
0.9081932 0.10454315
0.9093742 0.10127963
0.9105552 0.097968005
0.9117362 0.094610736
0.9129172 0.09121025
0.9140982 0.087769076
0.9152792 0.08428968
0.9164602 0.08077455
0.9176412 0.077226214
0.9188222 0.07364719
0.92000324 0.07004
0.92118424 0.066407174
0.92236525 0.06275125
0.92354625 0.05907476
0.92472726 0.05538022
0.92590827 0.051670186
0.9270893 0.047947157
0.9282703 0.044213668
0.9294513 0.040472228
0.9306323 0.036725342
0.9318133 0.032975502
0.9329943 0.02922519
0.9341753 0.025476865
0.9353563 0.02173299
0.9365373 0.017995993
0.93771833 0.014268291
0.93889934 0.010552282
0.94008034 0.006850343
0.94126135 0.003164824
0.94244236 -5.019447E-4
0.94362336 -0.004147659
0.9448044 -0.007770044
0.9459854 -0.01136685
0.9471664 -0.014935859
0.9483474 -0.018474882
0.9495284 -0.021981765
0.9507094 -0.02545438
0.9518904 -0.028890647
0.9530714 -0.032288507
0.9542524 -0.035645947
0.9554334 -0.038960993
0.95661443 -0.042231698
0.95779544 -0.04545617
0.95897645 -0.048632547
0.96015745 -0.05175902
0.96133846 -0.054833807
0.96251947 -0.05785519
0.9637005 -0.060821474
0.9648815 -0.063731045
0.9660625 -0.06658228
0.9672435 -0.06937365
0.9684245 -0.07210367
0.9696055 -0.07477088
0.9707865 -0.077373885
0.9719675 -0.07991133
0.9731485 -0.082381934
0.97432953 -0.08478444
0.97551054 -0.08711766
0.97669154 -0.08938044
0.97787255 -0.0915717
0.97905356 -0.09369042
0.98023456 -0.09573559
0.98141557 -0.097706296
0.9825966 -0.09960167
0.9837776 -0.10142088
0.9849586 -0.103163175
0.9861396 -0.10482783
0.9873206 -0.1064142
0.9885016 -0.107921675
0.9896826 -0.10934972
0.9908636 -0.11069785
0.9920446 -0.11196562
0.99322563 -0.11315266
0.99440664 -0.11425863
0.99558765 -0.11528328
0.99676865 -0.11622638
0.99794966 -0.11708778
0.99913067 -0.11786737
1.0003116 -0.11856511
1.0014926 -0.11918101
1.0026736 -0.11971512
1.0038546 -0.12016753
1.0050356 -0.120538436
1.0062166 -0.12082803
1.0073977 -0.121036604
1.0085787 -0.12116446
1.0097597 -0.12121198
1.0109407 -0.121179596
1.0121217 -0.12106776
1.0133027 -0.12087701
1.0144837 -0.120607905
1.0156647 -0.12026108
1.0168457 -0.119837195
1.0180267 -0.11933696
1.0192077 -0.118761145
1.0203887 -0.11811055
1.0215697 -0.11738602
1.0227507 -0.11658845
1.0239317 -0.11571878
1.0251127 -0.11477799
1.0262938 -0.11376709
1.0274748 -0.112687156
1.0286558 -0.11153929
1.0298368 -0.11032463
1.0310178 -0.10904432
1.0321988 -0.1076996
1.0333798 -0.10629172
1.0345608 -0.10482194
1.0357418 -0.10329161
1.0369228 -0.10170204
1.0381038 -0.100054644
1.0392848 -0.09835079
1.0404658 -0.09659196
1.0416468 -0.0947796
1.0428278 -0.092915215
1.0440089 -0.09100031
1.0451899 -0.08903643
1.0463709 -0.087025136
1.0475519 -0.08496804
1.0487329 -0.08286673
1.0499139 -0.08072285
1.0510949 -0.07853804
1.0522759 -0.07631399
1.0534569 -0.07405234
1.0546379 -0.07175483
1.0558189 -0.069423154
1.0569999 -0.06705905
1.0581809 -0.06466423
1.0593619 -0.062240455
1.060543 -0.059789483
1.061724 -0.057313077
1.062905 -0.05481301
1.064086 -0.052291058
1.065267 -0.049748994
1.066448 -0.047188614
1.067629 -0.0446117
1.06881 -0.042020034
1.069991 -0.039415408
1.071172 -0.036799602
1.072353 -0.0341744
1.073534 -0.031541586
1.074715 -0.028902922
1.075896 -0.02626018
1.077077 -0.023615118
1.078258 -0.020969491
1.079439 -0.018325038
1.08062 -0.015683489
1.081801 -0.013046563
1.0829821 -0.010415967
1.0841631 -0.007793395
1.0853441 -0.005180526
1.0865251 -0.0025790194
1.0877061 9.479001E-6
1.0888871 0.0025833407
1.0900681 0.005140958
1.0912491 0.007680742
1.0924301 0.010201125
1.0936111 0.01270056
1.0947921 0.015177524
1.0959731 0.017630516
1.0971541 0.020058058
1.0983351 0.0224587
1.0995162 0.02483102
1.1006972 0.027173612
1.1018782 0.029485112
1.1030592 0.03176417
1.1042402 0.034009475
1.1054212 0.036219746
1.1066022 0.038393725
1.1077832 0.040530194
1.1089642 0.04262795
1.1101452 0.044685844
1.1113262 0.046702743
1.1125072 0.048677556
1.1136882 0.050609224
1.1148692 0.05249672
1.1160502 0.054339048
1.1172312 0.056135263
1.1184123 0.057884444
1.1195933 0.059585698
1.1207743 0.061238185
1.1219553 0.062841095
1.1231363 0.06439366
1.1243173 0.06589513
1.1254983 0.06734482
1.1266793 0.06874207
1.1278603 0.07008624
1.1290413 0.07137678
1.1302223 0.072613105
1.1314033 0.073794745
1.1325843 0.07492121
1.1337653 0.075992085
1.1349463 0.077006966
1.1361274 0.07796551
1.1373084 0.07886742
1.1384894 0.07971241
1.1396704 0.08050024
1.1408514 0.08123072
1.1420324 0.081903696
1.1432134 0.082519054
1.1443944 0.083076715
1.1455754 0.083576635
1.1467564 0.084018804
1.1479374 0.08440328
1.1491184 0.0847301
1.1502994 0.08499944
1.1514804 0.085211374
1.1526614 0.08536613
1.1538424 0.08546392
1.1550235 0.085505
1.1562045 0.08548967
1.1573855 0.08541824
1.1585665 0.085291095
1.1597475 0.08510862
1.1609285 0.08487125
1.1621095 0.08457945
1.1632905 0.08423374
1.1644715 0.08383462
1.1656525 0.08338267
1.1668335 0.08287851
1.1680145 0.082322724
1.1691955 0.081716
1.1703765 0.081058994
1.1715575 0.08035245
1.1727386 0.07959709
1.1739196 0.07879371
1.1751006 0.077943094
1.1762816 0.07704605
1.1774626 0.07610348
1.1786436 0.07511622
1.1798246 0.074085176
1.1810056 0.07301129
1.1821866 0.071895495
1.1833676 0.07073876
1.1845486 0.06954209
1.1857296 0.06830648
1.1869106 0.06703298
1.1880916 0.06572262
1.1892726 0.06437649
1.1904536 0.06299566
1.1916347 0.061581243
1.1928157 0.060134362
1.1939967 0.058656145
1.1951777 0.057147738
1.1963587 0.055610307
1.1975397 0.05404502
1.1987207 0.052453075
1.1999017 0.050835658
1.2010827 0.04919398
1.2022637 0.047529254
1.2034447 0.045842707
1.2046257 0.04413557
1.2058067 0.042409077
1.2069877 0.04066448
1.2081687 0.03890302
1.2093498 0.037125953
1.2105308 0.035334542
1.2117118 0.03353003
1.2128928 0.031713694
1.2140738 0.029886777
1.2152548 0.028050553
1.2164358 0.026206274
1.2176168 0.024355195
1.2187978 0.02249858
1.2199788 0.020637672
1.2211598 0.018773722
1.2223408 0.016907973
1.2235218 0.015041657
1.2247028 0.0131760035
1.2258838 0.01131224
1.2270648 0.009451576
1.2282459 0.0075952173
1.2294269 0.005744359
1.2306079 0.0039001876
1.2317889 0.0020638765
1.2329699 2.365876E-4
1.2341509 -0.0015805287
1.2353319 -0.003386337
1.2365129 -0.005179714
1.2376939 -0.006959551
1.2388749 -0.008724757
1.2400559 -0.010474252
1.2412369 -0.012206977
1.2424179 -0.013921889
1.2435989 -0.015617959
1.24478 -0.017294183
1.245961 -0.01894957
1.247142 -0.020583149
1.248323 -0.02219397
1.249504 -0.023781102
1.250685 -0.025343638
1.251866 -0.02688069
1.253047 -0.028391393
1.254228 -0.029874902
1.255409 -0.0313304
1.25659 -0.03275708
1.257771 -0.03415418
1.258952 -0.035520934
1.260133 -0.036856625
1.261314 -0.03816055
1.262495 -0.03943203
1.263676 -0.040670414
1.264857 -0.041875076
1.2660381 -0.043045416
1.2672191 -0.04418085
1.2684001 -0.04528084
1.2695811 -0.046344858
1.2707621 -0.047372416
1.2719431 -0.048363037
1.2731241 -0.04931628
1.2743051 -0.050231725
1.2754861 -0.051108994
1.2766671 -0.05194772
1.2778481 -0.05274758
1.2790291 -0.05350826
1.2802101 -0.05422947
1.2813911 -0.054910976
1.2825722 -0.055552553
1.2837532 -0.056154
1.2849342 -0.05671515
1.2861152 -0.057235863
1.2872962 -0.05771602
1.2884772 -0.05815554
1.2896582 -0.058554366
1.2908392 -0.058912463
1.2920202 -0.059229825
1.2932012 -0.059506472
1.2943822 -0.059742462
1.2955632 -0.059937857
1.2967442 -0.06009277
1.2979252 -0.060207315
1.2991062 -0.06028165
1.3002872 -0.06031596
1.3014683 -0.060310435
1.3026493 -0.06026532
1.3038303 -0.060180858
1.3050113 -0.060057335
1.3061923 -0.059895042
1.3073733 -0.059694316
1.3085543 -0.0594555
1.3097353 -0.05917896
1.3109163 -0.0588651
1.3120973 -0.058514334
1.3132783 -0.0581271
1.3144593 -0.05770387
1.3156403 -0.057245113
1.3168213 -0.056751333
1.3180023 -0.05622305
1.3191833 -0.055660814
1.3203644 -0.05506518
1.3215454 -0.054436732
1.3227264 -0.053776067
1.3239074 -0.053083796
1.3250884 -0.05236056
1.3262694 -0.05160701
1.3274504 -0.050823804
1.3286314 -0.050011635
1.3298124 -0.049171183
1.3309934 -0.048303183
1.3321744 -0.047408342
1.3333554 -0.046487413
1.3345364 -0.045541145
1.3357174 -0.044570293
1.3368984 -0.04357565
1.3380795 -0.04255799
1.3392605 -0.04151812
1.3404415 -0.040456843
1.3416225 -0.039374985
1.3428035 -0.038273368
1.3439845 -0.03715283
1.3451655 -0.03601421
1.3463465 -0.03485837
1.3475275 -0.033686146
1.3487085 -0.032498416
1.3498895 -0.031296045
1.3510705 -0.030079905
1.3522515 -0.028850874
1.3534325 -0.027609834
1.3546135 -0.026357666
1.3557945 -0.025095254
1.3569756 -0.02382349
1.3581566 -0.022543257
1.3593376 -0.021255447
1.3605186 -0.01996095
1.3616996 -0.018660652
1.3628806 -0.017355442
1.3640616 -0.016046206
1.3652426 -0.014733824
1.3664236 -0.013419181
1.3676046 -0.01210315
1.3687856 -0.010786604
1.3699666 -0.009470411
1.3711476 -0.008155433
1.3723286 -0.0068425303
1.3735096 -0.00553255
1.3746907 -0.004226339
1.3758717 -0.002924733
1.3770527 -0.0016285619
1.3782337 -3.3864635E-4
1.3794147 9.442009E-4
1.3805957 0.0022191778
1.3817767 0.00348549
1.3829577 0.004742355
1.3841387 0.0059890007
1.3853197 0.0072246655
1.3865007 0.008448599
1.3876817 0.009660064
1.3888627 0.010858335
1.3900437 0.012042697
1.3912247 0.013212452
1.3924057 0.014366915
1.3935868 0.015505414
1.3947678 0.01662729
1.3959488 0.017731898
1.3971298 0.018818613
1.3983108 0.019886822
1.3994918 0.020935925
1.4006728 0.021965344
1.4018538 0.022974508
1.4030348 0.023962874
1.4042158 0.024929907
1.4053968 0.025875097
1.4065778 0.026797941
1.4077588 0.02769796
1.4089398 0.028574694
1.4101208 0.029427696
1.4113019 0.03025654
1.4124829 0.031060819
1.4136639 0.031840146
1.4148449 0.032594144
1.4160259 0.033322465
1.4172069 0.03402477
1.4183879 0.034700755
1.4195689 0.035350114
1.4207499 0.03597258
1.4219309 0.036567885
1.4231119 0.037135802
1.4242929 0.037676103
1.4254739 0.038188595
1.4266549 0.038673103
1.427836 0.039129455
1.429017 0.03955752
1.430198 0.039957173
1.431379 0.04032831
1.43256 0.040670857
1.433741 0.04098474
1.434922 0.041269917
1.436103 0.041526362
1.437284 0.041754078
1.438465 0.04195307
1.439646 0.04212337
1.440827 0.042265024
1.442008 0.042378113
1.443189 0.042462714
1.44437 0.042518932
1.445551 0.042546894
1.446732 0.042546745
1.447913 0.04251864
1.449094 0.04246276
1.4502751 0.042379286
1.4514561 0.042268436
1.4526371 0.042130444
1.4538181 0.041965548
1.4549991 0.04177401
1.4561801 0.0415561
1.4573611 0.041312125
1.4585421 0.04104238
1.4597231 0.040747188
1.4609041 0.040426895
1.4620851 0.040081844
1.4632661 0.03971241
1.4644471 0.039318968
1.4656281 0.038901918
1.4668092 0.038461663
1.4679902 0.037998617
1.4691712 0.037513223
1.4703522 0.037005924
1.4715332 0.03647718
1.4727142 0.03592745
1.4738952 0.035357222
1.4750762 0.034766983
1.4762572 0.03415724
1.4774382 0.03352849
1.4786192 0.032881267
1.4798002 0.032216102
1.4809812 0.031533517
1.4821622 0.030834083
1.4833432 0.030118335
1.4845243 0.029386837
1.4857053 0.02864017
1.4868863 0.027878903
1.4880673 0.02710362
1.4892483 0.02631491
1.4904293 0.025513364
1.4916103 0.024699584
1.4927913 0.023874175
1.4939723 0.023037745
1.4951533 0.022190902
1.4963343 0.021334268
1.4975153 0.020468457
1.4986963 0.019594086
1.4998773 0.018711783
1.5010583 0.017822172
1.5022393 0.016925879
1.5034204 0.01602353
1.5046014 0.015115752
1.5057824 0.014203174
1.5069634 0.013286419
1.5081444 0.012366118
1.5093254 0.01144289
1.5105064 0.0105173625
1.5116874 0.009590155
1.5128684 0.008661887
1.5140494 0.0077331727
1.5152304 0.0068046264
1.5164114 0.005876857
1.5175924 0.0049504694
1.5187734 0.004026065
1.5199544 0.00310424
1.5211354 0.0021855847
1.5223165 0.0012706856
1.5234975 3.6012265E-4
1.5246785 -5.4553105E-4
1.5258595 -0.0014457074
1.5270405 -0.0023398465
1.5282215 -0.003227394
1.5294025 -0.0041078054
1.5305835 -0.004980541
1.5317645 -0.0058450717
1.5329455 -0.0067008752
1.5341265 -0.0075474395
1.5353075 -0.008384259
1.5364885 -0.009210842
1.5376695 -0.010026699
1.5388505 -0.010831356
1.5400316 -0.011624348
1.5412126 -0.012405222
1.5423936 -0.01317353
1.5435746 -0.013928842
1.5447556 -0.014670731
1.5459366 -0.015398786
1.5471176 -0.016112609
1.5482986 -0.01681181
1.5494796 -0.017496012
1.5506606 -0.018164853
1.5518416 -0.018817976
1.5530226 -0.019455044
1.5542036 -0.020075727
1.5553846 -0.02067971
1.5565656 -0.021266691
1.5577466 -0.021836381
1.5589277 -0.022388505
1.5601087 -0.022922797
1.5612897 -0.023439005
1.5624707 -0.023936896
1.5636517 -0.024416244
1.5648327 -0.024876839
1.5660137 -0.025318485
1.5671947 -0.025740998
1.5683757 -0.026144208
1.5695567 -0.02652796
1.5707377 -0.026892113
1.5719187 -0.02723654
1.5730997 -0.027561123
1.5742807 -0.027865758
1.5754617 -0.028150365
1.5766428 -0.028414864
1.5778238 -0.028659198
1.5790048 -0.028883321
1.5801858 -0.029087199
1.5813668 -0.029270813
1.5825478 -0.029434154
1.5837288 -0.029577231
1.5849098 -0.029700063
1.5860908 -0.029802687
1.5872718 -0.029885149
1.5884528 -0.02994751
1.5896338 -0.029989837
1.5908148 -0.03001222
1.5919958 -0.030014759
1.5931768 -0.029997557
1.5943578 -0.029960742
1.5955389 -0.029904451
1.5967199 -0.029828826
1.5979009 -0.02973403
1.5990819 -0.029620232
1.6002629 -0.029487615
1.6014439 -0.029336372
1.6026249 -0.029166708
1.6038059 -0.028978838
1.6049869 -0.028772987
1.6061679 -0.028549396
1.6073489 -0.028308306
1.6085299 -0.028049976
1.6097109 -0.027774675
1.6108919 -0.027482683
1.612073 -0.027174283
1.613254 -0.02684977
1.614435 -0.02650945
1.615616 -0.026153633
1.616797 -0.025782643
1.617978 -0.025396807
1.619159 -0.024996463
1.62034 -0.02458196
1.621521 -0.024153642
1.622702 -0.023711879
1.623883 -0.02325703
1.625064 -0.02278947
1.626245 -0.022309583
1.627426 -0.021817744
1.628607 -0.021314347
1.629788 -0.020799793
1.630969 -0.020274479
1.63215 -0.019738812
1.6333311 -0.019193204
1.6345121 -0.01863807
1.6356931 -0.018073825
1.6368741 -0.01750089
1.6380551 -0.016919697
1.6392361 -0.01633067
1.6404171 -0.015734242
1.6415981 -0.015130847
1.6427791 -0.014520919
1.6439601 -0.013904897
1.6451411 -0.013283218
1.6463221 -0.012656326
1.6475031 -0.012024662
1.6486841 -0.011388666
1.6498652 -0.010748781
1.6510462 -0.01010545
1.6522272 -0.009459114
1.6534082 -0.008810216
1.6545892 -0.008159197
1.6557702 -0.0075064953
1.6569512 -0.006852551
1.6581322 -0.0061977995
1.6593132 -0.0055426764
1.6604942 -0.0048876135
1.6616752 -0.0042330422
1.6628562 -0.0035793888
1.6640372 -0.002927078
1.6652182 -0.00227653
1.6663992 -0.001628163
1.6675802 -9.82391E-4
1.6687613 -3.3962307E-4
1.6699423 2.9973523E-4
1.6711233 9.352828E-4
1.6723043 0.0015666239
1.6734853 0.0021933673
1.6746663 0.0028151274
1.6758473 0.0034315235
1.6770283 0.004042181
1.6782093 0.0046467315
1.6793903 0.0052448115
1.6805713 0.005836065
1.6817523 0.0064201425
1.6829333 0.0069966996
1.6841143 0.0075654015
1.6852953 0.008125918
1.6864763 0.008677926
1.6876574 0.009221113
1.6888384 0.009755171
1.6900194 0.010279801
1.6912004 0.01079471
1.6923814 0.011299617
1.6935624 0.011794245
1.6947434 0.012278328
1.6959244 0.012751607
1.6971054 0.013213834
1.6982864 0.013664764
1.6994674 0.014104169
1.7006484 0.01453182
1.7018294 0.014947507
1.7030104 0.015351022
1.7041914 0.015742172
1.7053725 0.016120763
1.7065535 0.016486624
1.7077345 0.016839584
1.7089155 0.017179485
1.7100965 0.017506175
1.7112775 0.017819516
1.7124585 0.018119378
1.7136395 0.018405639
1.7148205 0.018678188
1.7160015 0.018936925
1.7171825 0.019181754
1.7183635 0.019412598
1.7195445 0.01962938
1.7207255 0.019832037
1.7219065 0.020020518
1.7230875 0.020194782
1.7242686 0.020354787
1.7254496 0.020500517
1.7266306 0.02063195
1.7278116 0.020749087
1.7289926 0.020851921
1.7301736 0.020940479
1.7313546 0.021014774
1.7325356 0.02107484
1.7337166 0.021120721
1.7348976 0.021152465
1.7360786 0.02117013
1.7372596 0.021173785
1.7384406 0.021163505
1.7396216 0.021139376
1.7408026 0.021101493
1.7419837 0.021049961
1.7431647 0.02098489
1.7443457 0.020906396
1.7455267 0.020814609
1.7467077 0.020709665
1.7478887 0.020591706
1.7490697 0.020460881
1.7502507 0.020317353
1.7514317 0.020161286
1.7526127 0.019992853
1.7537937 0.019812234
1.7549747 0.019619618
1.7561557 0.019415198
1.7573367 0.019199178
1.7585177 0.018971764
1.7596987 0.018733166
1.7608798 0.01848361
1.7620608 0.018223321
1.7632418 0.017952526
1.7644228 0.017671464
1.7656038 0.017380381
1.7667848 0.017079523
1.7679658 0.016769145
1.7691468 0.0164495
1.7703278 0.016120855
1.7715088 0.01578347
1.7726898 0.015437624
1.7738708 0.015083589
1.7750518 0.014721643
1.7762328 0.014352071
1.7774138 0.013975155
1.7785949 0.013591187
1.7797759 0.013200459
1.7809569 0.012803268
1.7821379 0.012399905
1.7833189 0.011990676
1.7844999 0.011575882
1.7856809 0.011155825
1.7868619 0.010730811
1.7880429 0.0103011485
1.7892239 0.009867146
1.7904049 0.009429114
1.7915859 0.008987361
1.7927669 0.008542198
1.7939479 0.008093941
1.795129 0.0076428973
1.79631 0.0071893814
1.797491 0.006733704
1.798672 0.0062761772
1.799853 0.0058171134
1.801034 0.0053568208
1.802215 0.0048956107
1.803396 0.00443379
1.804577 0.003971666
1.805758 0.0035095448
1.806939 0.0030477287
1.80812 0.0025865203
1.809301 0.0021262192
1.810482 0.0016671222
1.811663 0.0012095249
1.812844 7.537188E-4
1.814025 2.999938E-4
1.815206 -1.5136425E-4
1.816387 -6.000717E-4
1.8175681 -0.0010458489
1.8187491 -0.0014884194
1.8199301 -0.0019275106
1.8211111 -0.0023628534
1.8222921 -0.0027941833
1.8234731 -0.0032212394
1.8246541 -0.0036437653
1.8258351 -0.004061509
1.8270161 -0.0044742227
1.8281971 -0.004881664
1.8293781 -0.005283595
1.8305591 -0.0056797825
1.8317401 -0.006069999
1.8329211 -0.006454021
1.8341022 -0.006831632
1.8352832 -0.0072026197
1.8364642 -0.007566778
1.8376452 -0.007923907
1.8388262 -0.008273809
1.8400072 -0.008616298
1.8411882 -0.00895119
1.8423692 -0.009278308
1.8435502 -0.00959748
1.8447312 -0.009908542
1.8459122 -0.010211335
1.8470932 -0.010505708
1.8482742 -0.010791513
1.8494552 -0.011068611
1.8506362 -0.011336872
1.8518173 -0.011596166
1.8529983 -0.011846376
1.8541793 -0.012087387
1.8553603 -0.0123190945
1.8565413 -0.0125413975
1.8577223 -0.012754202
1.8589033 -0.012957424
1.8600843 -0.0131509835
1.8612653 -0.013334808
1.8624463 -0.013508831
1.8636273 -0.0136729935
1.8648083 -0.013827245
1.8659893 -0.013971539
1.8671703 -0.014105836
1.8683513 -0.014230106
1.8695323 -0.014344323
1.8707134 -0.014448471
1.8718944 -0.014542535
1.8730754 -0.014626512
1.8742564 -0.014700403
1.8754374 -0.014764218
1.8766184 -0.014817971
1.8777994 -0.014861684
1.8789804 -0.014895384
1.8801614 -0.014919106
1.8813424 -0.01493289
1.8825234 -0.014936785
1.8837044 -0.014930843
1.8848854 -0.0149151245
1.8860664 -0.014889693
1.8872474 -0.014854623
1.8884284 -0.01480999
1.8896095 -0.014755878
1.8907905 -0.014692376
1.8919715 -0.014619579
1.8931525 -0.014537587
1.8943335 -0.014446506
1.8955145 -0.014346448
1.8966955 -0.014237527
1.8978765 -0.014119867
1.8990575 -0.013993595
1.9002385 -0.013858841
1.9014195 -0.013715743
1.9026005 -0.0135644395
1.9037815 -0.01340508
1.9049625 -0.013237812
1.9061435 -0.013062792
1.9073246 -0.012880177
1.9085056 -0.012690132
1.9096866 -0.012492821
1.9108676 -0.012288418
1.9120486 -0.012077095
1.9132296 -0.011859031
1.9144106 -0.011634408
1.9155916 -0.011403409
1.9167726 -0.011166221
1.9179536 -0.010923037
1.9191346 -0.010674052
1.9203156 -0.010419459
1.9214966 -0.01015946
1.9226776 -0.009894255
1.9238586 -0.009624046
1.9250396 -0.00934904
1.9262207 -0.0090694465
1.9274017 -0.008785472
1.9285827 -0.008497332
1.9297637 -0.008205237
1.9309447 -0.007909399
1.9321257 -0.0076100375
1.9333067 -0.0073073674
1.9344877 -0.0070016063
1.9356687 -0.006692973
1.9368497 -0.0063816863
1.9380307 -0.006067965
1.9392117 -0.0057520308
1.9403927 -0.0054341024
1.9415737 -0.0051144003
1.9427547 -0.0047931443
1.9439358 -0.0044705546
1.9451168 -0.0041468497
1.9462978 -0.00382225
1.9474788 -0.0034969735
1.9486598 -0.0031712374
1.9498408 -0.002845259
1.9510218 -0.0025192532
1.9522028 -0.0021934346
1.9533838 -0.0018680162
1.9545648 -0.0015432098
1.9557458 -0.0012192248
1.9569268 -8.962698E-4
1.9581078 -5.7455123E-4
1.9592888 -2.5427336E-4
1.9604698 6.436126E-5
1.9616508 3.8115281E-4
1.9628319 6.959035E-4
1.9640129 0.0010084179
1.9651939 0.0013185034
1.9663749 0.0016259701
1.9675559 0.0019306306
1.9687369 0.0022323006
1.9699179 0.0025307988
1.9710989 0.002825947
1.9722799 0.0031175704
1.9734609 0.003405497
1.9746419 0.0036895585
1.9758229 0.00396959
1.9770039 0.0042454307
1.9781849 0.004516923
1.979366 0.0047839126
1.980547 0.00504625
1.981728 0.005303789
1.982909 0.005556387
1.98409 0.005803907
1.985271 0.0060462137
1.986452 0.006283179
1.987633 0.006514676
1.988814 0.0067405836
1.989995 0.006960786
1.991176 0.0071751694
1.992357 0.007383627
1.993538 0.007586054
1.994719 0.007782353
1.9959 0.007972429
1.997081 0.008156192
1.998262 0.008333557
1.999443 0.008504445
2.000624 0.008668777
2.0018048 0.008826485
2.0029857 0.008977503
2.0041666 0.009121768
2.0053475 0.009259223
2.0065284 0.009389818
2.0077093 0.009513504
2.0088902 0.0096302405
2.010071 0.009739989
2.011252 0.009842718
2.0124328 0.009938399
2.0136137 0.010027007
2.0147946 0.010108528
2.0159755 0.010182945
2.0171564 0.010250251
2.0183372 0.01031044
2.0195181 0.0103635155
2.020699 0.010409481
2.02188 0.010448347
2.0230608 0.010480128
2.0242417 0.010504843
2.0254226 0.010522514
2.0266035 0.010533173
2.0277843 0.0105368495
2.0289652 0.010533582
2.0301461 0.010523413
2.031327 0.010506386
2.032508 0.010482551
2.0336888 0.010451963
2.0348697 0.0104146805
2.0360506 0.010370765
2.0372314 0.010320282
2.0384123 0.010263304
2.0395932 0.010199905
2.040774 0.010130162
2.041955 0.010054157
2.043136 0.009971975
2.0443168 0.009883705
2.0454977 0.00978944
2.0466785 0.009689275
2.0478594 0.009583308
2.0490403 0.009471646
2.0502212 0.00935439
2.051402 0.00923165
2.052583 0.009103538
2.0537639 0.0089701675
2.0549448 0.0088316575
2.0561256 0.008688127
2.0573065 0.008539698
2.0584874 0.008386498
2.0596683 0.008228652
2.0608492 0.008066292
2.06203 0.007899549
2.063211 0.0077285576
2.0643919 0.007553455
2.0655727 0.007374379
2.0667536 0.007191469
2.0679345 0.007004868
2.0691154 0.0068147182
2.0702963 0.0066211657
2.0714772 0.0064243567
2.072658 0.0062244376
2.073839 0.0060215592
2.0750198 0.0058158715
2.0762007 0.005607524
2.0773816 0.0053966693
2.0785625 0.00518346
2.0797434 0.004968051
2.0809243 0.004750594
2.0821052 0.0045312443
2.083286 0.0043101576
2.084467 0.0040874886
2.0856478 0.0038633917
2.0868287 0.003638023
2.0880096 0.0034115375
2.0891905 0.0031840904
2.0903714 0.0029558365
2.0915523 0.0027269307
2.0927331 0.0024975266
2.093914 0.0022677784
2.095095 0.0020378379
2.0962758 0.0018078585
2.0974567 0.0015779911
2.0986376 0.0013483856
2.0998185 0.001119192
2.1009994 8.9055847E-4
2.1021802 6.6263176E-4
2.1033611 4.3555791E-4
2.104542 2.0948128E-4
2.105723 -1.5455298E-5
2.1069038 -2.391104E-4
2.1080847 -4.613443E-4
2.1092656 -6.8201905E-4
2.1104465 -9.009984E-4
2.1116273 -0.0011181482
2.1128082 -0.0013333358
2.113989 -0.0015464312
2.11517 -0.001757306
2.116351 -0.0019658343
2.1175318 -0.0021718924
2.1187127 -0.002375359
2.1198936 -0.0025761146
2.1210744 -0.0027740425
2.1222553 -0.0029690294
2.1234362 -0.0031609635
2.124617 -0.0033497359
2.125798 -0.00353524
2.1269789 -0.0037173727
2.1281598 -0.0038960334
2.1293406 -0.0040711244
2.1305215 -0.0042425506
2.1317024 -0.0044102203
2.1328833 -0.0045740446
2.1340642 -0.004733938
2.135245 -0.0048898165
2.136426 -0.005041601
2.1376069 -0.0051892153
2.1387877 -0.005332585
2.1399686 -0.005471641
2.1411495 -0.0056063156
2.1423304 -0.0057365457
2.1435113 -0.00586227
2.1446922 -0.0059834314
2.145873 -0.0060999766
2.147054 -0.006211855
2.1482348 -0.0063190195
2.1494157 -0.006421426
2.1505966 -0.006519034
2.1517775 -0.0066118073
2.1529584 -0.0066997116
2.1541393 -0.0067827166
2.1553202 -0.006860796
2.156501 -0.0069339257
2.157682 -0.0070020864
2.1588628 -0.0070652612
2.1600437 -0.0071234363
2.1612246 -0.0071766013
2.1624055 -0.0072247507
2.1635864 -0.007267881
2.1647673 -0.007305991
2.1659482 -0.007339086
2.167129 -0.007367171
2.16831 -0.007390257
2.1694908 -0.0074083563
2.1706717 -0.0074214847
2.1718526 -0.007429663
2.1730335 -0.0074329134
2.1742144 -0.0074312612
2.1753953 -0.007424736
2.1765761 -0.007413368
2.177757 -0.007397194
2.178938 -0.007376251
2.1801188 -0.007350578
2.1812997 -0.0073202215
2.1824806 -0.007285226
2.1836615 -0.0072456417
2.1848423 -0.0072015203
2.1860232 -0.007152916
2.1872041 -0.007099886
2.188385 -0.007042491
2.189566 -0.0069807926
2.1907468 -0.0069148564
2.1919277 -0.0068447483
2.1931086 -0.00677054
2.1942894 -0.006692302
2.1954703 -0.0066101085
2.1966512 -0.0065240366
2.197832 -0.006434164
2.199013 -0.006340572
2.200194 -0.0062433425
2.2013748 -0.00614256
2.2025557 -0.0060383114
2.2037365 -0.0059306836
2.2049174 -0.005819768
2.2060983 -0.0057056546
2.2072792 -0.005588438
2.20846 -0.0054682107
2.209641 -0.0053450703
2.2108219 -0.0052191135
2.2120028 -0.005090439
2.2131836 -0.004959148
2.2143645 -0.0048253397
2.2155454 -0.004689117
2.2167263 -0.0045505837
2.2179072 -0.004409842
2.219088 -0.004266999
2.220269 -0.0041221594
2.2214499 -0.00397543
2.2226307 -0.0038269174
2.2238116 -0.00367673
2.2249925 -0.0035249752
2.2261734 -0.003371762
2.2273543 -0.0032171991
2.2285352 -0.003061396
2.229716 -0.0029044617
2.230897 -0.0027465057
2.2320778 -0.0025876379
2.2332587 -0.002427968
2.2344396 -0.002267605
2.2356205 -0.0021066582
2.2368014 -0.001945237
2.2379823 -0.00178345
2.2391632 -0.0016214055
2.240344 -0.0014592113
2.241525 -0.0012969752
2.2427058 -0.0011348035
2.2438867 -9.7280287E-4
2.2450676 -8.110786E-4
2.2462485 -6.4973545E-4
2.2474294 -4.888772E-4
2.2486103 -3.2860693E-4
2.2497911 -1.6902658E-4
2.250972 -1.02370395E-5
2.252153 1.4766178E-4
2.2533338 3.0457112E-4
2.2545147 4.603935E-4
2.2556956 6.150326E-4
2.2568765 7.6839374E-4
2.2580574 9.2038314E-4
2.2592382 0.0010709087
2.2604191 0.00121988
2.2616 0.0013672075
2.262781 0.0015128041
2.2639618 0.0016565839
2.2651427 0.0017984625
2.2663236 0.0019383575
2.2675045 0.002076188
2.2686853 0.0022118757
2.2698662 0.0023453427
2.271047 0.0024765148
2.272228 0.0026053179
2.273409 0.002731681
2.2745898 0.0028555351
2.2757707 0.0029768131
2.2769516 0.0030954496
2.2781324 0.0032113814
2.2793133 0.0033245478
2.2804942 0.0034348904
2.281675 0.0035423518
2.282856 0.0036468788
2.2840369 0.0037484185
2.2852178 0.0038469215
2.2863986 0.00394234
2.2875795 0.0040346286
2.2887604 0.0041237446
2.2899413 0.0042096474
2.2911222 0.004292299
2.292303 0.0043716626
2.293484 0.004447705
2.2946649 0.0045203953
2.2958457 0.0045897043
2.2970266 0.004655606
2.2982075 0.004718076
2.2993884 0.004777093
2.3005693 0.004832637
2.3017502 0.004884692
2.302931 0.0049332436
2.304112 0.004978278
2.3052928 0.0050197886
2.3064737 0.0050577642
2.3076546 0.005092203
2.3088355 0.0051231016
2.3100164 0.005150459
2.3111973 0.005174277
2.3123782 0.005194561
2.313559 0.005211317
2.31474 0.0052245534
2.3159208 0.005234282
2.3171017 0.0052405177
2.3182826 0.0052432735
2.3194635 0.0052425684
2.3206444 0.005238423
2.3218253 0.0052308585
2.3230062 0.0052198996
2.324187 0.0052055735
2.325368 0.005187907
2.3265488 0.0051669315
2.3277297 0.00514268
2.3289106 0.0051151863
2.3300915 0.0050844867
2.3312724 0.00505062
2.3324533 0.0050136256
2.3336341 0.004973546
2.334815 0.004930425
2.335996 0.004884308
2.3371768 0.0048352433
2.3383577 0.004783278
2.3395386 0.004728463
2.3407195 0.0046708514
2.3419003 0.0046104956
2.3430812 0.004547452
2.3442621 0.0044817766
2.345443 0.0044135274
2.346624 0.0043427637
2.3478048 0.004269547
2.3489857 0.004193938
2.3501666 0.004116001
2.3513474 0.0040358
2.3525283 0.0039534
2.3537092 0.0038688686
2.35489 0.003782272
2.356071 0.0036936803
2.357252 0.0036031622
2.3584328 0.0035107879
2.3596137 0.0034166288
2.3607945 0.0033207568
2.3619754 0.0032232448
